1.000000000000000000e+00,1.000000000000000000e+00,1.000000000000000000e+00,9.865312576293945312e-01,9.965370297431945801e-01,9.975779652595520020e-01,9.967558383941650391e-01,9.991533160209655762e-01,9.997749328613281250e-01,9.999423623085021973e-01,9.999856352806091309e-01,9.999963641166687012e-01,9.999991059303283691e-01,9.999997615814208984e-01,1.000000000000000000e+00,1.000000000000000000e+00,1.000000000000000000e+00,1.000000000000000000e+00,9.999999403953552246e-01,1.000000000000000000e+00,1.000000000000000000e+00,1.000000000000000000e+00,1.000000000000000000e+00,9.999912381172180176e-01,9.999683499336242676e-01,9.999918341636657715e-01,9.974525570869445801e-01,9.993305206298828125e-01,9.998280405998229980e-01,9.999563097953796387e-01,9.999889731407165527e-01,9.999971389770507812e-01,9.999992847442626953e-01,9.999998211860656738e-01,9.999999403953552246e-01,1.000000000000000000e+00,1.000000000000000000e+00,1.000000000000000000e+00,1.000000000000000000e+00,1.000000000000000000e+00,1.000000000000000000e+00,1.000000000000000000e+00,1.000000000000000000e+00,1.000000000000000000e+00,9.999085068702697754e-01,9.999019503593444824e-01,9.846716523170471191e-01,9.954919815063476562e-01,9.987995028495788574e-01,9.996902942657470703e-01,9.999213218688964844e-01,9.999801516532897949e-01,9.999949932098388672e-01,9.999987483024597168e-01,9.999997019767761230e-01,9.999999403953552246e-01,1.000000000000000000e+00,9.997398853302001953e-01,9.999330639839172363e-01,9.999830722808837891e-01,1.000000000000000000e+00,1.000000000000000000e+00,1.000000000000000000e+00,1.000000000000000000e+00,1.000000000000000000e+00,1.000000000000000000e+00,1.000000000000000000e+00,1.000000000000000000e+00,1.000000000000000000e+00,1.000000000000000000e+00,1.000000000000000000e+00,1.000000000000000000e+00,1.000000000000000000e+00,1.000000000000000000e+00,1.000000000000000000e+00,1.000000000000000000e+00,1.000000000000000000e+00,9.997703433036804199e-01,9.999402165412902832e-01,9.999844431877136230e-01,1.000000000000000000e+00,1.000000000000000000e+00,1.000000000000000000e+00,1.000000000000000000e+00,1.000000000000000000e+00,1.000000000000000000e+00,1.000000000000000000e+00,1.000000000000000000e+00,1.000000000000000000e+00,1.000000000000000000e+00,1.000000000000000000e+00,1.000000000000000000e+00,1.000000000000000000e+00,1.000000000000000000e+00,1.000000000000000000e+00,1.000000000000000000e+00,1.000000000000000000e+00,9.995203018188476562e-01,9.998748898506164551e-01,9.999678730964660645e-01,1.000000000000000000e+00,1.000000000000000000e+00,1.000000000000000000e+00,1.000000000000000000e+00,1.000000000000000000e+00,1.000000000000000000e+00,1.000000000000000000e+00,1.000000000000000000e+00,1.000000000000000000e+00,1.000000000000000000e+00,1.000000000000000000e+00,1.000000000000000000e+00,1.000000000000000000e+00,1.000000000000000000e+00,9.999904632568359375e-01,9.999976158142089844e-01,9.999993443489074707e-01,9.993732571601867676e-01,9.998385310173034668e-01,9.999592900276184082e-01,1.000000000000000000e+00,1.000000000000000000e+00,1.000000000000000000e+00,1.000000000000000000e+00,1.000000000000000000e+00,1.000000000000000000e+00,1.000000000000000000e+00,1.000000000000000000e+00,1.000000000000000000e+00,1.000000000000000000e+00,1.000000000000000000e+00,1.000000000000000000e+00,1.000000000000000000e+00,1.000000000000000000e+00,9.999871850013732910e-01,9.999968409538269043e-01,9.999992251396179199e-01,9.992504715919494629e-01,9.998067021369934082e-01,9.999508857727050781e-01
1.000000000000000000e+00,1.000000000000000000e+00,1.000000000000000000e+00,9.865312576293945312e-01,9.965370297431945801e-01,9.975779652595520020e-01,9.967558383941650391e-01,9.991533160209655762e-01,9.997749328613281250e-01,9.999423623085021973e-01,9.999856352806091309e-01,9.999963641166687012e-01,9.999991059303283691e-01,9.999997615814208984e-01,1.000000000000000000e+00,1.000000000000000000e+00,1.000000000000000000e+00,1.000000000000000000e+00,9.999999403953552246e-01,1.000000000000000000e+00,1.000000000000000000e+00,1.000000000000000000e+00,1.000000000000000000e+00,9.999912381172180176e-01,9.999683499336242676e-01,9.999918341636657715e-01,9.974525570869445801e-01,9.993305206298828125e-01,9.998280405998229980e-01,9.999563097953796387e-01,9.999889731407165527e-01,9.999971389770507812e-01,9.999992847442626953e-01,9.999998211860656738e-01,9.999999403953552246e-01,1.000000000000000000e+00,1.000000000000000000e+00,1.000000000000000000e+00,1.000000000000000000e+00,1.000000000000000000e+00,1.000000000000000000e+00,1.000000000000000000e+00,1.000000000000000000e+00,1.000000000000000000e+00,9.999085068702697754e-01,9.999019503593444824e-01,9.846716523170471191e-01,9.954919815063476562e-01,9.987995028495788574e-01,9.996902942657470703e-01,9.999213218688964844e-01,9.999801516532897949e-01,9.999949932098388672e-01,9.999987483024597168e-01,9.999997019767761230e-01,9.999999403953552246e-01,1.000000000000000000e+00,9.997398853302001953e-01,9.999330639839172363e-01,9.999830722808837891e-01,1.000000000000000000e+00,1.000000000000000000e+00,1.000000000000000000e+00,1.000000000000000000e+00,1.000000000000000000e+00,1.000000000000000000e+00,1.000000000000000000e+00,1.000000000000000000e+00,1.000000000000000000e+00,1.000000000000000000e+00,1.000000000000000000e+00,1.000000000000000000e+00,1.000000000000000000e+00,1.000000000000000000e+00,1.000000000000000000e+00,1.000000000000000000e+00,1.000000000000000000e+00,9.997703433036804199e-01,9.999402165412902832e-01,9.999844431877136230e-01,1.000000000000000000e+00,1.000000000000000000e+00,1.000000000000000000e+00,1.000000000000000000e+00,1.000000000000000000e+00,1.000000000000000000e+00,1.000000000000000000e+00,1.000000000000000000e+00,1.000000000000000000e+00,1.000000000000000000e+00,1.000000000000000000e+00,1.000000000000000000e+00,1.000000000000000000e+00,1.000000000000000000e+00,1.000000000000000000e+00,1.000000000000000000e+00,1.000000000000000000e+00,9.995203018188476562e-01,9.998748898506164551e-01,9.999678730964660645e-01,1.000000000000000000e+00,1.000000000000000000e+00,1.000000000000000000e+00,1.000000000000000000e+00,1.000000000000000000e+00,1.000000000000000000e+00,1.000000000000000000e+00,1.000000000000000000e+00,1.000000000000000000e+00,1.000000000000000000e+00,1.000000000000000000e+00,1.000000000000000000e+00,1.000000000000000000e+00,1.000000000000000000e+00,9.999904632568359375e-01,9.999976158142089844e-01,9.999993443489074707e-01,9.993732571601867676e-01,9.998385310173034668e-01,9.999592900276184082e-01,1.000000000000000000e+00,1.000000000000000000e+00,1.000000000000000000e+00,1.000000000000000000e+00,1.000000000000000000e+00,1.000000000000000000e+00,1.000000000000000000e+00,1.000000000000000000e+00,1.000000000000000000e+00,1.000000000000000000e+00,1.000000000000000000e+00,1.000000000000000000e+00,1.000000000000000000e+00,1.000000000000000000e+00,9.999871850013732910e-01,9.999968409538269043e-01,9.999992251396179199e-01,9.992504715919494629e-01,9.998067021369934082e-01,9.999508857727050781e-01
1.000000000000000000e+00,1.000000000000000000e+00,1.000000000000000000e+00,9.865312576293945312e-01,9.965370297431945801e-01,9.975779652595520020e-01,9.967558383941650391e-01,9.991533160209655762e-01,9.997749328613281250e-01,9.999423623085021973e-01,9.999856352806091309e-01,9.999963641166687012e-01,9.999991059303283691e-01,9.999997615814208984e-01,1.000000000000000000e+00,1.000000000000000000e+00,1.000000000000000000e+00,1.000000000000000000e+00,9.999999403953552246e-01,1.000000000000000000e+00,1.000000000000000000e+00,1.000000000000000000e+00,1.000000000000000000e+00,9.999912381172180176e-01,9.999683499336242676e-01,9.999918341636657715e-01,9.974525570869445801e-01,9.993305206298828125e-01,9.998280405998229980e-01,9.999563097953796387e-01,9.999889731407165527e-01,9.999971389770507812e-01,9.999992847442626953e-01,9.999998211860656738e-01,9.999999403953552246e-01,1.000000000000000000e+00,1.000000000000000000e+00,1.000000000000000000e+00,1.000000000000000000e+00,1.000000000000000000e+00,1.000000000000000000e+00,1.000000000000000000e+00,1.000000000000000000e+00,1.000000000000000000e+00,9.999085068702697754e-01,9.999019503593444824e-01,9.846716523170471191e-01,9.954919815063476562e-01,9.987995028495788574e-01,9.996902942657470703e-01,9.999213218688964844e-01,9.999801516532897949e-01,9.999949932098388672e-01,9.999987483024597168e-01,9.999997019767761230e-01,9.999999403953552246e-01,1.000000000000000000e+00,9.997398853302001953e-01,9.999330639839172363e-01,9.999830722808837891e-01,1.000000000000000000e+00,1.000000000000000000e+00,1.000000000000000000e+00,1.000000000000000000e+00,1.000000000000000000e+00,1.000000000000000000e+00,1.000000000000000000e+00,1.000000000000000000e+00,1.000000000000000000e+00,1.000000000000000000e+00,1.000000000000000000e+00,1.000000000000000000e+00,1.000000000000000000e+00,1.000000000000000000e+00,1.000000000000000000e+00,1.000000000000000000e+00,1.000000000000000000e+00,9.997703433036804199e-01,9.999402165412902832e-01,9.999844431877136230e-01,1.000000000000000000e+00,1.000000000000000000e+00,1.000000000000000000e+00,1.000000000000000000e+00,1.000000000000000000e+00,1.000000000000000000e+00,1.000000000000000000e+00,1.000000000000000000e+00,1.000000000000000000e+00,1.000000000000000000e+00,1.000000000000000000e+00,1.000000000000000000e+00,1.000000000000000000e+00,1.000000000000000000e+00,1.000000000000000000e+00,1.000000000000000000e+00,1.000000000000000000e+00,9.995203018188476562e-01,9.998748898506164551e-01,9.999678730964660645e-01,1.000000000000000000e+00,1.000000000000000000e+00,1.000000000000000000e+00,1.000000000000000000e+00,1.000000000000000000e+00,1.000000000000000000e+00,1.000000000000000000e+00,1.000000000000000000e+00,1.000000000000000000e+00,1.000000000000000000e+00,1.000000000000000000e+00,1.000000000000000000e+00,1.000000000000000000e+00,1.000000000000000000e+00,9.999904632568359375e-01,9.999976158142089844e-01,9.999993443489074707e-01,9.993732571601867676e-01,9.998385310173034668e-01,9.999592900276184082e-01,1.000000000000000000e+00,1.000000000000000000e+00,1.000000000000000000e+00,1.000000000000000000e+00,1.000000000000000000e+00,1.000000000000000000e+00,1.000000000000000000e+00,1.000000000000000000e+00,1.000000000000000000e+00,1.000000000000000000e+00,1.000000000000000000e+00,1.000000000000000000e+00,1.000000000000000000e+00,1.000000000000000000e+00,9.999871850013732910e-01,9.999968409538269043e-01,9.999992251396179199e-01,9.992504715919494629e-01,9.998067021369934082e-01,9.999508857727050781e-01
9.865312576293945312e-01,9.865312576293945312e-01,9.865312576293945312e-01,1.000000000000000000e+00,9.963176250457763672e-01,9.777433276176452637e-01,9.729166626930236816e-01,9.803709387779235840e-01,9.835574030876159668e-01,9.850783944129943848e-01,9.858174324035644531e-01,9.861776828765869141e-01,9.863553047180175781e-01,9.864434599876403809e-01,9.864873886108398438e-01,9.865093231201171875e-01,9.865202307701110840e-01,9.865257740020751953e-01,9.865283966064453125e-01,9.865298271179199219e-01,9.865312576293945312e-01,9.865312576293945312e-01,9.865312576293945312e-01,9.860210418701171875e-01,9.861395955085754395e-01,9.863303303718566895e-01,9.928370118141174316e-01,9.903509616851806641e-01,9.886012673377990723e-01,9.876082539558410645e-01,9.870803952217102051e-01,9.868087768554687500e-01,9.866707921028137207e-01,9.866011142730712891e-01,9.865662455558776855e-01,9.865486621856689453e-01,9.865400195121765137e-01,9.865355491638183594e-01,9.865334033966064453e-01,9.865322113037109375e-01,9.865312576293945312e-01,9.865312576293945312e-01,9.865312576293945312e-01,9.865312576293945312e-01,9.848678708076477051e-01,9.848704934120178223e-01,9.947748780250549316e-01,9.948216080665588379e-01,9.918763041496276855e-01,9.895246624946594238e-01,9.881069064140319824e-01,9.873375892639160156e-01,9.869384765625000000e-01,9.867348670959472656e-01,9.866328835487365723e-01,9.865821003913879395e-01,9.865565896034240723e-01,9.892888069152832031e-01,9.879834055900573730e-01,9.872763156890869141e-01,9.865312576293945312e-01,9.865312576293945312e-01,9.865312576293945312e-01,9.865312576293945312e-01,9.865312576293945312e-01,9.865312576293945312e-01,9.865312576293945312e-01,9.865312576293945312e-01,9.865312576293945312e-01,9.865312576293945312e-01,9.865312576293945312e-01,9.865312576293945312e-01,9.865312576293945312e-01,9.865312576293945312e-01,9.865312576293945312e-01,9.865312576293945312e-01,9.865312576293945312e-01,9.878252148628234863e-01,9.872396588325500488e-01,9.868976473808288574e-01,9.865312576293945312e-01,9.865312576293945312e-01,9.865312576293945312e-01,9.865312576293945312e-01,9.865312576293945312e-01,9.865312576293945312e-01,9.865312576293945312e-01,9.865312576293945312e-01,9.865312576293945312e-01,9.865312576293945312e-01,9.865312576293945312e-01,9.865312576293945312e-01,9.865312576293945312e-01,9.865312576293945312e-01,9.865312576293945312e-01,9.865312576293945312e-01,9.865312576293945312e-01,9.897892475128173828e-01,9.882862567901611328e-01,9.874353408813476562e-01,9.865312576293945312e-01,9.865312576293945312e-01,9.865312576293945312e-01,9.865312576293945312e-01,9.865312576293945312e-01,9.865312576293945312e-01,9.865312576293945312e-01,9.865312576293945312e-01,9.865312576293945312e-01,9.865312576293945312e-01,9.865312576293945312e-01,9.865312576293945312e-01,9.865312576293945312e-01,9.865312576293945312e-01,9.867871403694152832e-01,9.866604804992675781e-01,9.865950942039489746e-01,9.905502796173095703e-01,9.887050986289978027e-01,9.876554012298583984e-01,9.865312576293945312e-01,9.865312576293945312e-01,9.865312576293945312e-01,9.865312576293945312e-01,9.865312576293945312e-01,9.865312576293945312e-01,9.865312576293945312e-01,9.865312576293945312e-01,9.865312576293945312e-01,9.865312576293945312e-01,9.865312576293945312e-01,9.865312576293945312e-01,9.865312576293945312e-01,9.865312576293945312e-01,9.861310124397277832e-01,9.863354563713073730e-01,9.864336848258972168e-01,9.903812408447265625e-01,9.886547923088073730e-01,9.876415133476257324e-01
9.965370297431945801e-01,9.965370297431945801e-01,9.965370297431945801e-01,9.963176250457763672e-01,1.000000000000000000e+00,9.906744360923767090e-01,9.884036183357238770e-01,9.931948781013488770e-01,9.950215220451354980e-01,9.958257079124450684e-01,9.961951375007629395e-01,9.963696599006652832e-01,9.964542388916015625e-01,9.964959025382995605e-01,9.965165257453918457e-01,9.965268969535827637e-01,9.965319633483886719e-01,9.965344071388244629e-01,9.965357780456542969e-01,9.965364336967468262e-01,9.965370297431945801e-01,9.965370297431945801e-01,9.965370297431945801e-01,9.963070750236511230e-01,9.963522553443908691e-01,9.964475035667419434e-01,9.990639686584472656e-01,9.984548687934875488e-01,9.976642727851867676e-01,9.971442818641662598e-01,9.968517422676086426e-01,9.966973662376403809e-01,9.966179728507995605e-01,9.965776801109313965e-01,9.965574145317077637e-01,9.965471625328063965e-01,9.965421557426452637e-01,9.965395927429199219e-01,9.965383410453796387e-01,9.965376853942871094e-01,9.965370297431945801e-01,9.965370297431945801e-01,9.965370297431945801e-01,9.965370297431945801e-01,9.957718849182128906e-01,9.957625865936279297e-01,9.939444661140441895e-01,9.989743232727050781e-01,9.989075660705566406e-01,9.980351328849792480e-01,9.973662495613098145e-01,9.969714283943176270e-01,9.967591166496276855e-01,9.966490864753723145e-01,9.965932965278625488e-01,9.965652823448181152e-01,9.965512156486511230e-01,9.978893399238586426e-01,9.972853660583496094e-01,9.969298839569091797e-01,9.965370297431945801e-01,9.965370297431945801e-01,9.965370297431945801e-01,9.965370297431945801e-01,9.965370297431945801e-01,9.965370297431945801e-01,9.965370297431945801e-01,9.965370297431945801e-01,9.965370297431945801e-01,9.965370297431945801e-01,9.965370297431945801e-01,9.965370297431945801e-01,9.965370297431945801e-01,9.965370297431945801e-01,9.965370297431945801e-01,9.965370297431945801e-01,9.965370297431945801e-01,9.972207546234130859e-01,9.969399571418762207e-01,9.967535138130187988e-01,9.965370297431945801e-01,9.965370297431945801e-01,9.965370297431945801e-01,9.965370297431945801e-01,9.965370297431945801e-01,9.965370297431945801e-01,9.965370297431945801e-01,9.965370297431945801e-01,9.965370297431945801e-01,9.965370297431945801e-01,9.965370297431945801e-01,9.965370297431945801e-01,9.965370297431945801e-01,9.965370297431945801e-01,9.965370297431945801e-01,9.965370297431945801e-01,9.965370297431945801e-01,9.981572031974792480e-01,9.974754452705383301e-01,9.970381259918212891e-01,9.965370297431945801e-01,9.965370297431945801e-01,9.965370297431945801e-01,9.965370297431945801e-01,9.965370297431945801e-01,9.965370297431945801e-01,9.965370297431945801e-01,9.965370297431945801e-01,9.965370297431945801e-01,9.965370297431945801e-01,9.965370297431945801e-01,9.965370297431945801e-01,9.965370297431945801e-01,9.965370297431945801e-01,9.966896176338195801e-01,9.966155886650085449e-01,9.965766072273254395e-01,9.984348416328430176e-01,9.976513981819152832e-01,9.971361160278320312e-01,9.965370297431945801e-01,9.965370297431945801e-01,9.965370297431945801e-01,9.965370297431945801e-01,9.965370297431945801e-01,9.965370297431945801e-01,9.965370297431945801e-01,9.965370297431945801e-01,9.965370297431945801e-01,9.965370297431945801e-01,9.965370297431945801e-01,9.965370297431945801e-01,9.965370297431945801e-01,9.965370297431945801e-01,9.963737130165100098e-01,9.964591860771179199e-01,9.964986443519592285e-01,9.983952045440673828e-01,9.976623058319091797e-01,9.971497654914855957e-01
9.975779652595520020e-01,9.975779652595520020e-01,9.975779652595520020e-01,9.777433276176452637e-01,9.906744360923767090e-01,1.000000000000000000e+00,9.987344741821289062e-01,9.989582896232604980e-01,9.984872341156005859e-01,9.980886578559875488e-01,9.978461861610412598e-01,9.977156519889831543e-01,9.976477026939392090e-01,9.976130127906799316e-01,9.975955486297607422e-01,9.975867271423339844e-01,9.975823760032653809e-01,9.975801110267639160e-01,9.975790977478027344e-01,9.975785613059997559e-01,9.975779652595520020e-01,9.975779652595520020e-01,9.975779652595520020e-01,9.976866841316223145e-01,9.976551532745361328e-01,9.976275563240051270e-01,9.918401837348937988e-01,9.952769279479980469e-01,9.965839385986328125e-01,9.971196055412292480e-01,9.973571300506591797e-01,9.974700808525085449e-01,9.975247383117675781e-01,9.975515007972717285e-01,9.975647330284118652e-01,9.975712895393371582e-01,9.975747466087341309e-01,9.975762963294982910e-01,9.975771903991699219e-01,9.975774884223937988e-01,9.975779652595520020e-01,9.975779652595520020e-01,9.975779652595520020e-01,9.975779652595520020e-01,9.978287220001220703e-01,9.978749752044677734e-01,9.741784930229187012e-01,9.886270165443420410e-01,9.940772652626037598e-01,9.960966706275939941e-01,9.969068169593811035e-01,9.972600340843200684e-01,9.974241256713867188e-01,9.975026249885559082e-01,9.975407123565673828e-01,9.975594878196716309e-01,9.975687861442565918e-01,9.963957667350769043e-01,9.970400929450988770e-01,9.973241686820983887e-01,9.975779652595520020e-01,9.975779652595520020e-01,9.975779652595520020e-01,9.975779652595520020e-01,9.975779652595520020e-01,9.975779652595520020e-01,9.975779652595520020e-01,9.975779652595520020e-01,9.975779652595520020e-01,9.975779652595520020e-01,9.975779652595520020e-01,9.975779652595520020e-01,9.975779652595520020e-01,9.975779652595520020e-01,9.975779652595520020e-01,9.975779652595520020e-01,9.975779652595520020e-01,9.969007372856140137e-01,9.972874522209167480e-01,9.974436163902282715e-01,9.975779652595520020e-01,9.975779652595520020e-01,9.975779652595520020e-01,9.975779652595520020e-01,9.975779652595520020e-01,9.975779652595520020e-01,9.975779652595520020e-01,9.975779652595520020e-01,9.975779652595520020e-01,9.975779652595520020e-01,9.975779652595520020e-01,9.975779652595520020e-01,9.975779652595520020e-01,9.975779652595520020e-01,9.975779652595520020e-01,9.975779652595520020e-01,9.975779652595520020e-01,9.959366917610168457e-01,9.968571662902832031e-01,9.972420334815979004e-01,9.975779652595520020e-01,9.975779652595520020e-01,9.975779652595520020e-01,9.975779652595520020e-01,9.975779652595520020e-01,9.975779652595520020e-01,9.975779652595520020e-01,9.975779652595520020e-01,9.975779652595520020e-01,9.975779652595520020e-01,9.975779652595520020e-01,9.975779652595520020e-01,9.975779652595520020e-01,9.975779652595520020e-01,9.974748492240905762e-01,9.975290298461914062e-01,9.975544810295104980e-01,9.955323338508605957e-01,9.966922402381896973e-01,9.971706271171569824e-01,9.975779652595520020e-01,9.975779652595520020e-01,9.975779652595520020e-01,9.975779652595520020e-01,9.975779652595520020e-01,9.975779652595520020e-01,9.975779652595520020e-01,9.975779652595520020e-01,9.975779652595520020e-01,9.975779652595520020e-01,9.975779652595520020e-01,9.975779652595520020e-01,9.975779652595520020e-01,9.975779652595520020e-01,9.976513981819152832e-01,9.976191520690917969e-01,9.975994229316711426e-01,9.953965544700622559e-01,9.966527819633483887e-01,9.971582889556884766e-01
9.967558383941650391e-01,9.967558383941650391e-01,9.967558383941650391e-01,9.729166626930236816e-01,9.884036183357238770e-01,9.987344741821289062e-01,1.000000000000000000e+00,9.992191195487976074e-01,9.982280135154724121e-01,9.975552558898925781e-01,9.971694946289062500e-01,9.969663023948669434e-01,9.968619942665100098e-01,9.968091845512390137e-01,9.967826008796691895e-01,9.967692494392395020e-01,9.967625737190246582e-01,9.967591762542724609e-01,9.967575073242187500e-01,9.967567324638366699e-01,9.967558383941650391e-01,9.967558383941650391e-01,9.967558383941650391e-01,9.970090985298156738e-01,9.970276355743408203e-01,9.969055056571960449e-01,9.907918572425842285e-01,9.943490028381347656e-01,9.957149624824523926e-01,9.962759017944335938e-01,9.965252280235290527e-01,9.966431260108947754e-01,9.967001080513000488e-01,9.967281818389892578e-01,9.967420697212219238e-01,9.967488646507263184e-01,9.967524409294128418e-01,9.967541694641113281e-01,9.967549443244934082e-01,9.967554211616516113e-01,9.967558383941650391e-01,9.967558383941650391e-01,9.967558383941650391e-01,9.967558383941650391e-01,9.974978566169738770e-01,9.975667595863342285e-01,9.713623523712158203e-01,9.866907000541687012e-01,9.926970601081848145e-01,9.949979782104492188e-01,9.959492087364196777e-01,9.963712692260742188e-01,9.965690970420837402e-01,9.966645240783691406e-01,9.967107772827148438e-01,9.967333674430847168e-01,9.967446327209472656e-01,9.952859878540039062e-01,9.960787892341613770e-01,9.964329600334167480e-01,9.967558383941650391e-01,9.967558383941650391e-01,9.967558383941650391e-01,9.967558383941650391e-01,9.967558383941650391e-01,9.967558383941650391e-01,9.967558383941650391e-01,9.967558383941650391e-01,9.967558383941650391e-01,9.967558383941650391e-01,9.967558383941650391e-01,9.967558383941650391e-01,9.967558383941650391e-01,9.967558383941650391e-01,9.967558383941650391e-01,9.967558383941650391e-01,9.967558383941650391e-01,9.962575435638427734e-01,9.965605735778808594e-01,9.966744780540466309e-01,9.967558383941650391e-01,9.967558383941650391e-01,9.967558383941650391e-01,9.967558383941650391e-01,9.967558383941650391e-01,9.967558383941650391e-01,9.967558383941650391e-01,9.967558383941650391e-01,9.967558383941650391e-01,9.967558383941650391e-01,9.967558383941650391e-01,9.967558383941650391e-01,9.967558383941650391e-01,9.967558383941650391e-01,9.967558383941650391e-01,9.967558383941650391e-01,9.967558383941650391e-01,9.949896335601806641e-01,9.959852099418640137e-01,9.964026808738708496e-01,9.967558383941650391e-01,9.967558383941650391e-01,9.967558383941650391e-01,9.967558383941650391e-01,9.967558383941650391e-01,9.967558383941650391e-01,9.967558383941650391e-01,9.967558383941650391e-01,9.967558383941650391e-01,9.967558383941650391e-01,9.967558383941650391e-01,9.967558383941650391e-01,9.967558383941650391e-01,9.967558383941650391e-01,9.966699481010437012e-01,9.967160224914550781e-01,9.967374205589294434e-01,9.944162368774414062e-01,9.957339167594909668e-01,9.962873458862304688e-01,9.967558383941650391e-01,9.967558383941650391e-01,9.967558383941650391e-01,9.967558383941650391e-01,9.967558383941650391e-01,9.967558383941650391e-01,9.967558383941650391e-01,9.967558383941650391e-01,9.967558383941650391e-01,9.967558383941650391e-01,9.967558383941650391e-01,9.967558383941650391e-01,9.967558383941650391e-01,9.967558383941650391e-01,9.970105290412902832e-01,9.968867301940917969e-01,9.968222975730895996e-01,9.944192767143249512e-01,9.957619309425354004e-01,9.963051676750183105e-01
9.991533160209655762e-01,9.991533160209655762e-01,9.991533160209655762e-01,9.803709387779235840e-01,9.931948781013488770e-01,9.989582896232604980e-01,9.992191195487976074e-01,1.000000000000000000e+00,9.997991919517517090e-01,9.995358586311340332e-01,9.993587136268615723e-01,9.992596507072448730e-01,9.992073178291320801e-01,9.991805553436279297e-01,9.991669654846191406e-01,9.991602301597595215e-01,9.991567134857177734e-01,9.991549849510192871e-01,9.991541504859924316e-01,9.991536736488342285e-01,9.991533160209655762e-01,9.991533160209655762e-01,9.991533160209655762e-01,9.992797970771789551e-01,9.992787241935729980e-01,9.992269873619079590e-01,9.948716163635253906e-01,9.976034760475158691e-01,9.985418915748596191e-01,9.988891482353210449e-01,9.990313053131103516e-01,9.990949630737304688e-01,9.991247653961181641e-01,9.991391301155090332e-01,9.991462826728820801e-01,9.991496205329895020e-01,9.991516470909118652e-01,9.991524219512939453e-01,9.991528391838073730e-01,9.991530776023864746e-01,9.991533160209655762e-01,9.991533160209655762e-01,9.991533160209655762e-01,9.991533160209655762e-01,9.994929432868957520e-01,9.995263218879699707e-01,9.786772131919860840e-01,9.918101429939270020e-01,9.964964985847473145e-01,9.981062412261962891e-01,9.987040162086486816e-01,9.989477992057800293e-01,9.990558028221130371e-01,9.991061687469482422e-01,9.991300702095031738e-01,9.991418719291687012e-01,9.991474747657775879e-01,9.982740283012390137e-01,9.987742304801940918e-01,9.989798069000244141e-01,9.991533160209655762e-01,9.991533160209655762e-01,9.991533160209655762e-01,9.991533160209655762e-01,9.991533160209655762e-01,9.991533160209655762e-01,9.991533160209655762e-01,9.991533160209655762e-01,9.991533160209655762e-01,9.991533160209655762e-01,9.991533160209655762e-01,9.991533160209655762e-01,9.991533160209655762e-01,9.991533160209655762e-01,9.991533160209655762e-01,9.991533160209655762e-01,9.991533160209655762e-01,9.987850785255432129e-01,9.990238547325134277e-01,9.991039633750915527e-01,9.991533160209655762e-01,9.991533160209655762e-01,9.991533160209655762e-01,9.991533160209655762e-01,9.991533160209655762e-01,9.991533160209655762e-01,9.991533160209655762e-01,9.991533160209655762e-01,9.991533160209655762e-01,9.991533160209655762e-01,9.991533160209655762e-01,9.991533160209655762e-01,9.991533160209655762e-01,9.991533160209655762e-01,9.991533160209655762e-01,9.991533160209655762e-01,9.991533160209655762e-01,9.980118274688720703e-01,9.986965060234069824e-01,9.989563822746276855e-01,9.991533160209655762e-01,9.991533160209655762e-01,9.991533160209655762e-01,9.991533160209655762e-01,9.991533160209655762e-01,9.991533160209655762e-01,9.991533160209655762e-01,9.991533160209655762e-01,9.991533160209655762e-01,9.991533160209655762e-01,9.991533160209655762e-01,9.991533160209655762e-01,9.991533160209655762e-01,9.991533160209655762e-01,9.991042017936706543e-01,9.991315007209777832e-01,9.991434216499328613e-01,9.976474642753601074e-01,9.985505938529968262e-01,9.988932609558105469e-01,9.991533160209655762e-01,9.991533160209655762e-01,9.991533160209655762e-01,9.991533160209655762e-01,9.991533160209655762e-01,9.991533160209655762e-01,9.991533160209655762e-01,9.991533160209655762e-01,9.991533160209655762e-01,9.991533160209655762e-01,9.991533160209655762e-01,9.991533160209655762e-01,9.991533160209655762e-01,9.991533160209655762e-01,9.992811083793640137e-01,9.992205500602722168e-01,9.991877675056457520e-01,9.975903034210205078e-01,9.985501170158386230e-01,9.988987445831298828e-01
9.997749328613281250e-01,9.997749328613281250e-01,9.997749328613281250e-01,9.835574030876159668e-01,9.950215220451354980e-01,9.984872341156005859e-01,9.982280135154724121e-01,9.997991919517517090e-01,1.000000000000000000e+00,9.999449849128723145e-01,9.998742938041687012e-01,9.998283386230468750e-01,9.998025298118591309e-01,9.997889995574951172e-01,9.997820854187011719e-01,9.997785091400146484e-01,9.997768402099609375e-01,9.997758865356445312e-01,9.997754096984863281e-01,9.997752308845520020e-01,9.997749328613281250e-01,9.997749328613281250e-01,9.997749328613281250e-01,9.998369216918945312e-01,9.998247027397155762e-01,9.998092055320739746e-01,9.963315129280090332e-01,9.986512064933776855e-01,9.993765354156494141e-01,9.996178746223449707e-01,9.997068047523498535e-01,9.997436404228210449e-01,9.997599720954895020e-01,9.997675418853759766e-01,9.997713565826416016e-01,9.997732639312744141e-01,9.997740387916564941e-01,9.997744560241699219e-01,9.997748732566833496e-01,9.997748732566833496e-01,9.997749328613281250e-01,9.997749328613281250e-01,9.997749328613281250e-01,9.997749328613281250e-01,9.999087452888488770e-01,9.999227523803710938e-01,9.817798733711242676e-01,9.938004612922668457e-01,9.978216290473937988e-01,9.990841746330261230e-01,9.995047450065612793e-01,9.996592402458190918e-01,9.997221827507019043e-01,9.997501373291015625e-01,9.997628331184387207e-01,9.997690320014953613e-01,9.997720718383789062e-01,9.991917014122009277e-01,9.995452761650085449e-01,9.996764063835144043e-01,9.997749328613281250e-01,9.997749328613281250e-01,9.997749328613281250e-01,9.997749328613281250e-01,9.997749328613281250e-01,9.997749328613281250e-01,9.997749328613281250e-01,9.997749328613281250e-01,9.997749328613281250e-01,9.997749328613281250e-01,9.997749328613281250e-01,9.997749328613281250e-01,9.997749328613281250e-01,9.997749328613281250e-01,9.997749328613281250e-01,9.997749328613281250e-01,9.997749328613281250e-01,9.994724392890930176e-01,9.996786713600158691e-01,9.997418522834777832e-01,9.997749328613281250e-01,9.997749328613281250e-01,9.997749328613281250e-01,9.997749328613281250e-01,9.997749328613281250e-01,9.997749328613281250e-01,9.997749328613281250e-01,9.997749328613281250e-01,9.997749328613281250e-01,9.997749328613281250e-01,9.997749328613281250e-01,9.997749328613281250e-01,9.997749328613281250e-01,9.997749328613281250e-01,9.997749328613281250e-01,9.997749328613281250e-01,9.997749328613281250e-01,9.989455342292785645e-01,9.994747042655944824e-01,9.996559619903564453e-01,9.997749328613281250e-01,9.997749328613281250e-01,9.997749328613281250e-01,9.997749328613281250e-01,9.997749328613281250e-01,9.997749328613281250e-01,9.997749328613281250e-01,9.997749328613281250e-01,9.997749328613281250e-01,9.997749328613281250e-01,9.997749328613281250e-01,9.997749328613281250e-01,9.997749328613281250e-01,9.997749328613281250e-01,9.997438788414001465e-01,9.997619986534118652e-01,9.997692704200744629e-01,9.986865520477294922e-01,9.993818402290344238e-01,9.996192455291748047e-01,9.997749328613281250e-01,9.997749328613281250e-01,9.997749328613281250e-01,9.997749328613281250e-01,9.997749328613281250e-01,9.997749328613281250e-01,9.997749328613281250e-01,9.997749328613281250e-01,9.997749328613281250e-01,9.997749328613281250e-01,9.997749328613281250e-01,9.997749328613281250e-01,9.997749328613281250e-01,9.997749328613281250e-01,9.998364448547363281e-01,9.998090267181396484e-01,9.997928738594055176e-01,9.985979199409484863e-01,9.993664622306823730e-01,9.996180534362792969e-01
9.999423623085021973e-01,9.999423623085021973e-01,9.999423623085021973e-01,9.850783944129943848e-01,9.958257079124450684e-01,9.980886578559875488e-01,9.975552558898925781e-01,9.995358586311340332e-01,9.999449849128723145e-01,1.000000000000000000e+00,9.999855160713195801e-01,9.999675750732421875e-01,9.999558925628662109e-01,9.999494552612304688e-01,9.999458789825439453e-01,9.999442100524902344e-01,9.999433159828186035e-01,9.999427795410156250e-01,9.999426007270812988e-01,9.999425411224365234e-01,9.999423623085021973e-01,9.999423623085021973e-01,9.999423623085021973e-01,9.999696612358093262e-01,9.999523162841796875e-01,9.999558925628662109e-01,9.969431757926940918e-01,9.990439414978027344e-01,9.996564388275146484e-01,9.998416304588317871e-01,9.999027252197265625e-01,9.999251961708068848e-01,9.999344348907470703e-01,9.999385476112365723e-01,9.999404549598693848e-01,9.999415278434753418e-01,9.999420046806335449e-01,9.999420642852783203e-01,9.999423027038574219e-01,9.999423623085021973e-01,9.999423623085021973e-01,9.999423623085021973e-01,9.999423623085021973e-01,9.999423623085021973e-01,9.999654889106750488e-01,9.999697804450988770e-01,9.832625389099121094e-01,9.946913123130798340e-01,9.983604550361633301e-01,9.994396567344665527e-01,9.997666478157043457e-01,9.998740553855895996e-01,9.999132156372070312e-01,9.999291300773620605e-01,9.999361038208007812e-01,9.999393820762634277e-01,9.999408721923828125e-01,9.995176196098327637e-01,9.997925758361816406e-01,9.998838901519775391e-01,9.999423623085021973e-01,9.999423623085021973e-01,9.999423623085021973e-01,9.999423623085021973e-01,9.999423623085021973e-01,9.999423623085021973e-01,9.999423623085021973e-01,9.999423623085021973e-01,9.999423623085021973e-01,9.999423623085021973e-01,9.999423623085021973e-01,9.999423623085021973e-01,9.999423623085021973e-01,9.999423623085021973e-01,9.999423623085021973e-01,9.999423623085021973e-01,9.999423623085021973e-01,9.996765255928039551e-01,9.998645186424255371e-01,9.999181628227233887e-01,9.999423623085021973e-01,9.999423623085021973e-01,9.999423623085021973e-01,9.999423623085021973e-01,9.999423623085021973e-01,9.999423623085021973e-01,9.999423623085021973e-01,9.999423623085021973e-01,9.999423623085021973e-01,9.999423623085021973e-01,9.999423623085021973e-01,9.999423623085021973e-01,9.999423623085021973e-01,9.999423623085021973e-01,9.999423623085021973e-01,9.999423623085021973e-01,9.999423623085021973e-01,9.992846846580505371e-01,9.997282028198242188e-01,9.998662471771240234e-01,9.999423623085021973e-01,9.999423623085021973e-01,9.999423623085021973e-01,9.999423623085021973e-01,9.999423623085021973e-01,9.999423623085021973e-01,9.999423623085021973e-01,9.999423623085021973e-01,9.999423623085021973e-01,9.999423623085021973e-01,9.999423623085021973e-01,9.999423623085021973e-01,9.999423623085021973e-01,9.999423623085021973e-01,9.999218583106994629e-01,9.999346733093261719e-01,9.999392032623291016e-01,9.990809559822082520e-01,9.996630549430847168e-01,9.998431205749511719e-01,9.999423623085021973e-01,9.999423623085021973e-01,9.999423623085021973e-01,9.999423623085021973e-01,9.999423623085021973e-01,9.999423623085021973e-01,9.999423623085021973e-01,9.999423623085021973e-01,9.999423623085021973e-01,9.999423623085021973e-01,9.999423623085021973e-01,9.999423623085021973e-01,9.999423623085021973e-01,9.999423623085021973e-01,9.999677538871765137e-01,9.999583363533020020e-01,9.999511837959289551e-01,9.989764690399169922e-01,9.996402263641357422e-01,9.998387694358825684e-01
9.999856352806091309e-01,9.999856352806091309e-01,9.999856352806091309e-01,9.858174324035644531e-01,9.961951375007629395e-01,9.978461861610412598e-01,9.971694946289062500e-01,9.993587136268615723e-01,9.998742938041687012e-01,9.999855160713195801e-01,1.000000000000000000e+00,9.999963641166687012e-01,9.999918937683105469e-01,9.999890327453613281e-01,9.999873042106628418e-01,9.999864697456359863e-01,9.999859929084777832e-01,9.999858736991882324e-01,9.999856948852539062e-01,9.999856948852539062e-01,9.999856352806091309e-01,9.999856352806091309e-01,9.999856352806091309e-01,9.999949336051940918e-01,9.999749064445495605e-01,9.999883770942687988e-01,9.972134232521057129e-01,9.992022514343261719e-01,9.997571110725402832e-01,9.999135136604309082e-01,9.999604225158691406e-01,9.999756813049316406e-01,9.999814033508300781e-01,9.999836087226867676e-01,9.999847412109375000e-01,9.999851584434509277e-01,9.999853968620300293e-01,9.999855160713195801e-01,9.999854564666748047e-01,9.999855160713195801e-01,9.999856352806091309e-01,9.999856352806091309e-01,9.999856352806091309e-01,9.999856352806091309e-01,9.999515414237976074e-01,9.999502301216125488e-01,9.839839339256286621e-01,9.951074123382568359e-01,9.985950589179992676e-01,9.995797276496887207e-01,9.998586177825927734e-01,9.999416470527648926e-01,9.999685883522033691e-01,9.999783635139465332e-01,9.999822974205017090e-01,9.999840855598449707e-01,9.999849200248718262e-01,9.996433258056640625e-01,9.998772740364074707e-01,9.999478459358215332e-01,9.999856352806091309e-01,9.999856352806091309e-01,9.999856352806091309e-01,9.999856352806091309e-01,9.999856352806091309e-01,9.999856352806091309e-01,9.999856352806091309e-01,9.999856352806091309e-01,9.999856352806091309e-01,9.999856352806091309e-01,9.999856352806091309e-01,9.999856352806091309e-01,9.999856352806091309e-01,9.999856352806091309e-01,9.999856352806091309e-01,9.999856352806091309e-01,9.999856352806091309e-01,9.997380375862121582e-01,9.999168515205383301e-01,9.999658465385437012e-01,9.999856352806091309e-01,9.999856352806091309e-01,9.999856352806091309e-01,9.999856352806091309e-01,9.999856352806091309e-01,9.999856352806091309e-01,9.999856352806091309e-01,9.999856352806091309e-01,9.999856352806091309e-01,9.999856352806091309e-01,9.999856352806091309e-01,9.999856352806091309e-01,9.999856352806091309e-01,9.999856352806091309e-01,9.999856352806091309e-01,9.999856352806091309e-01,9.999856352806091309e-01,9.994171261787414551e-01,9.998161196708679199e-01,9.999316334724426270e-01,9.999856352806091309e-01,9.999856352806091309e-01,9.999856352806091309e-01,9.999856352806091309e-01,9.999856352806091309e-01,9.999856352806091309e-01,9.999856352806091309e-01,9.999856352806091309e-01,9.999856352806091309e-01,9.999856352806091309e-01,9.999856352806091309e-01,9.999856352806091309e-01,9.999856352806091309e-01,9.999856352806091309e-01,9.999706149101257324e-01,9.999806284904479980e-01,9.999837279319763184e-01,9.992418885231018066e-01,9.997653961181640625e-01,9.999157786369323730e-01,9.999856352806091309e-01,9.999856352806091309e-01,9.999856352806091309e-01,9.999856352806091309e-01,9.999856352806091309e-01,9.999856352806091309e-01,9.999856352806091309e-01,9.999856352806091309e-01,9.999856352806091309e-01,9.999856352806091309e-01,9.999856352806091309e-01,9.999856352806091309e-01,9.999856352806091309e-01,9.999856352806091309e-01,9.999918937683105469e-01,9.999920725822448730e-01,9.999896883964538574e-01,9.991282820701599121e-01,9.997379779815673828e-01,9.999092221260070801e-01
