1.000000000000000000e+00,1.000000000000000000e+00,9.768770337104797363e-01,9.568977355957031250e-01,9.772233366966247559e-01,9.901611804962158203e-01,9.802194237709045410e-01,9.984527230262756348e-01,9.995574951171875000e-01,9.998831748962402344e-01,9.999706745147705078e-01,9.999925494194030762e-01,9.999980330467224121e-01,9.999995231628417969e-01,9.999998211860656738e-01,9.999999403953552246e-01,1.000000000000000000e+00,1.000000000000000000e+00,1.000000000000000000e+00,1.000000119209289551e+00,1.000000000000000000e+00,1.000000000000000000e+00,1.000000000000000000e+00,9.794032573699951172e-01,9.764782786369323730e-01,8.815013766288757324e-01,9.930145144462585449e-01,9.981437325477600098e-01,9.993565082550048828e-01,9.998318552970886230e-01,9.999566078186035156e-01,9.999890327453613281e-01,9.999973177909851074e-01,9.999992847442626953e-01,9.999998211860656738e-01,9.999999403953552246e-01,1.000000000000000000e+00,1.000000000000000000e+00,9.999998211860656738e-01,1.000000000000000000e+00,1.000000000000000000e+00,1.000000000000000000e+00,1.000000000000000000e+00,9.806526303291320801e-01,9.852189421653747559e-01,9.816720485687255859e-01,9.715883135795593262e-01,9.896468520164489746e-01,9.979281425476074219e-01,9.994489550590515137e-01,9.998596310615539551e-01,9.999641776084899902e-01,9.999909400939941406e-01,9.999976754188537598e-01,9.999994635581970215e-01,9.999999403953552246e-01,9.999999403953552246e-01,9.997335076332092285e-01,9.999657273292541504e-01,9.999909400939941406e-01,1.000000000000000000e+00,1.000000000000000000e+00,1.000000000000000000e+00,9.610385298728942871e-01,9.817976951599121094e-01,9.867241382598876953e-01,9.972956776618957520e-01,9.993222355842590332e-01,9.998013377189636230e-01,9.999486804008483887e-01,9.999868273735046387e-01,9.999964237213134766e-01,9.999989867210388184e-01,9.999997019767761230e-01,9.999998211860656738e-01,9.999999403953552246e-01,9.996544718742370605e-01,9.847447276115417480e-01,9.990491271018981934e-01,9.997472763061523438e-01,1.000000000000000000e+00,1.000000000000000000e+00,1.000000000000000000e+00,9.999978542327880859e-01,1.000000000000000000e+00,1.000000000000000000e+00,1.000000000000000000e+00,1.000000000000000000e+00,1.000000000000000000e+00,1.000000000000000000e+00,1.000000000000000000e+00,1.000000000000000000e+00,1.000000000000000000e+00,1.000000000000000000e+00,1.000000000000000000e+00,9.996477961540222168e-01,9.876591563224792480e-01,9.645586013793945312e-01,9.971132874488830566e-01,9.991897940635681152e-01,1.000000000000000000e+00,1.000000000000000000e+00,1.000000000000000000e+00,1.000000000000000000e+00,1.000000000000000000e+00,1.000000000000000000e+00,1.000000000000000000e+00,1.000000000000000000e+00,1.000000000000000000e+00,1.000000000000000000e+00,1.000000000000000000e+00,1.000000000000000000e+00,1.000000000000000000e+00,1.000000000000000000e+00,9.986584186553955078e-01,9.994505047798156738e-01,9.827904105186462402e-01,9.638695120811462402e-01,9.970067143440246582e-01,9.991601109504699707e-01,1.000000000000000000e+00,1.000000000000000000e+00,1.000000000000000000e+00,1.000000000000000000e+00,1.000000000000000000e+00,1.000000000000000000e+00,1.000000000000000000e+00,1.000000000000000000e+00,1.000000000000000000e+00,1.000000000000000000e+00,1.000000000000000000e+00,1.000000000000000000e+00,1.000000000000000000e+00,9.999367594718933105e-01,9.989845752716064453e-01,9.998688697814941406e-01,9.997763633728027344e-01,9.565076828002929688e-01,9.970676302909851074e-01,9.991772770881652832e-01
1.000000000000000000e+00,1.000000000000000000e+00,9.768770337104797363e-01,9.568977355957031250e-01,9.772233366966247559e-01,9.901611804962158203e-01,9.802194237709045410e-01,9.984527230262756348e-01,9.995574951171875000e-01,9.998831748962402344e-01,9.999706745147705078e-01,9.999925494194030762e-01,9.999980330467224121e-01,9.999995231628417969e-01,9.999998211860656738e-01,9.999999403953552246e-01,1.000000000000000000e+00,1.000000000000000000e+00,1.000000000000000000e+00,1.000000119209289551e+00,1.000000000000000000e+00,1.000000000000000000e+00,1.000000000000000000e+00,9.794032573699951172e-01,9.764782786369323730e-01,8.815013766288757324e-01,9.930145144462585449e-01,9.981437325477600098e-01,9.993565082550048828e-01,9.998318552970886230e-01,9.999566078186035156e-01,9.999890327453613281e-01,9.999973177909851074e-01,9.999992847442626953e-01,9.999998211860656738e-01,9.999999403953552246e-01,1.000000000000000000e+00,1.000000000000000000e+00,9.999998211860656738e-01,1.000000000000000000e+00,1.000000000000000000e+00,1.000000000000000000e+00,1.000000000000000000e+00,9.806526303291320801e-01,9.852189421653747559e-01,9.816720485687255859e-01,9.715883135795593262e-01,9.896468520164489746e-01,9.979281425476074219e-01,9.994489550590515137e-01,9.998596310615539551e-01,9.999641776084899902e-01,9.999909400939941406e-01,9.999976754188537598e-01,9.999994635581970215e-01,9.999999403953552246e-01,9.999999403953552246e-01,9.997335076332092285e-01,9.999657273292541504e-01,9.999909400939941406e-01,1.000000000000000000e+00,1.000000000000000000e+00,1.000000000000000000e+00,9.610385298728942871e-01,9.817976951599121094e-01,9.867241382598876953e-01,9.972956776618957520e-01,9.993222355842590332e-01,9.998013377189636230e-01,9.999486804008483887e-01,9.999868273735046387e-01,9.999964237213134766e-01,9.999989867210388184e-01,9.999997019767761230e-01,9.999998211860656738e-01,9.999999403953552246e-01,9.996544718742370605e-01,9.847447276115417480e-01,9.990491271018981934e-01,9.997472763061523438e-01,1.000000000000000000e+00,1.000000000000000000e+00,1.000000000000000000e+00,9.999978542327880859e-01,1.000000000000000000e+00,1.000000000000000000e+00,1.000000000000000000e+00,1.000000000000000000e+00,1.000000000000000000e+00,1.000000000000000000e+00,1.000000000000000000e+00,1.000000000000000000e+00,1.000000000000000000e+00,1.000000000000000000e+00,1.000000000000000000e+00,9.996477961540222168e-01,9.876591563224792480e-01,9.645586013793945312e-01,9.971132874488830566e-01,9.991897940635681152e-01,1.000000000000000000e+00,1.000000000000000000e+00,1.000000000000000000e+00,1.000000000000000000e+00,1.000000000000000000e+00,1.000000000000000000e+00,1.000000000000000000e+00,1.000000000000000000e+00,1.000000000000000000e+00,1.000000000000000000e+00,1.000000000000000000e+00,1.000000000000000000e+00,1.000000000000000000e+00,1.000000000000000000e+00,9.986584186553955078e-01,9.994505047798156738e-01,9.827904105186462402e-01,9.638695120811462402e-01,9.970067143440246582e-01,9.991601109504699707e-01,1.000000000000000000e+00,1.000000000000000000e+00,1.000000000000000000e+00,1.000000000000000000e+00,1.000000000000000000e+00,1.000000000000000000e+00,1.000000000000000000e+00,1.000000000000000000e+00,1.000000000000000000e+00,1.000000000000000000e+00,1.000000000000000000e+00,1.000000000000000000e+00,1.000000000000000000e+00,9.999367594718933105e-01,9.989845752716064453e-01,9.998688697814941406e-01,9.997763633728027344e-01,9.565076828002929688e-01,9.970676302909851074e-01,9.991772770881652832e-01
9.768770337104797363e-01,9.768770337104797363e-01,1.000000000000000000e+00,9.762786030769348145e-01,9.548091888427734375e-01,9.719850420951843262e-01,9.576270580291748047e-01,9.755311608314514160e-01,9.761150479316711426e-01,9.765111804008483887e-01,9.766907691955566406e-01,9.767650961875915527e-01,9.767973423004150391e-01,9.768376350402832031e-01,9.768576025962829590e-01,9.768673777580261230e-01,9.768722057342529297e-01,9.768745303153991699e-01,9.768757820129394531e-01,9.768764376640319824e-01,9.768770337104797363e-01,9.768770337104797363e-01,9.768770337104797363e-01,9.531936645507812500e-01,9.476822018623352051e-01,8.701140284538269043e-01,9.702100157737731934e-01,9.726390838623046875e-01,9.741559028625488281e-01,9.756224751472473145e-01,9.762795567512512207e-01,9.765865206718444824e-01,9.767343401908874512e-01,9.768062233924865723e-01,9.768418669700622559e-01,9.768593907356262207e-01,9.768681526184082031e-01,9.768726229667663574e-01,9.768748283386230469e-01,9.768759608268737793e-01,9.768770337104797363e-01,9.768770337104797363e-01,9.768770337104797363e-01,9.873731732368469238e-01,9.716747403144836426e-01,9.617344737052917480e-01,9.159560203552246094e-01,9.454311728477478027e-01,9.653191566467285156e-01,9.713281989097595215e-01,9.742023348808288574e-01,9.755496382713317871e-01,9.762155413627624512e-01,9.765487313270568848e-01,9.767135977745056152e-01,9.767953753471374512e-01,9.768362045288085938e-01,9.739343523979187012e-01,9.758813381195068359e-01,9.763613343238830566e-01,9.768770337104797363e-01,9.768770337104797363e-01,9.768770337104797363e-01,9.755199551582336426e-01,9.735946655273437500e-01,9.681289196014404297e-01,9.750275611877441406e-01,9.756679534912109375e-01,9.760512709617614746e-01,9.763957858085632324e-01,9.765996336936950684e-01,9.767075181007385254e-01,9.767649769783020020e-01,9.768069386482238770e-01,9.768419861793518066e-01,9.768596291542053223e-01,9.783421158790588379e-01,9.527826905250549316e-01,9.724240303039550781e-01,9.748311638832092285e-01,9.768770337104797363e-01,9.768770337104797363e-01,9.768770337104797363e-01,9.767980575561523438e-01,9.768770337104797363e-01,9.768770337104797363e-01,9.768770337104797363e-01,9.768770337104797363e-01,9.768770337104797363e-01,9.768770337104797363e-01,9.768770337104797363e-01,9.768770337104797363e-01,9.768770337104797363e-01,9.768770337104797363e-01,9.768770337104797363e-01,9.753039479255676270e-01,9.500646591186523438e-01,9.306791424751281738e-01,9.677248001098632812e-01,9.727635979652404785e-01,9.768770337104797363e-01,9.768770337104797363e-01,9.768770337104797363e-01,9.768770337104797363e-01,9.768770337104797363e-01,9.768770337104797363e-01,9.768770337104797363e-01,9.768770337104797363e-01,9.768770337104797363e-01,9.768770337104797363e-01,9.768770337104797363e-01,9.768770337104797363e-01,9.768770337104797363e-01,9.768770337104797363e-01,9.798803329467773438e-01,9.780034422874450684e-01,9.612539410591125488e-01,9.366219639778137207e-01,9.698621630668640137e-01,9.738249778747558594e-01,9.768770337104797363e-01,9.768770337104797363e-01,9.768770337104797363e-01,9.768770337104797363e-01,9.768770337104797363e-01,9.768770337104797363e-01,9.768770337104797363e-01,9.768770337104797363e-01,9.768770337104797363e-01,9.768770337104797363e-01,9.768770337104797363e-01,9.768770337104797363e-01,9.768770337104797363e-01,9.781567454338073730e-01,9.776182174682617188e-01,9.782762527465820312e-01,9.772204756736755371e-01,9.309339523315429688e-01,9.695899486541748047e-01,9.738001227378845215e-01
9.568977355957031250e-01,9.568977355957031250e-01,9.762786030769348145e-01,1.000000000000000000e+00,9.482252001762390137e-01,9.571657180786132812e-01,9.438505172729492188e-01,9.568896889686584473e-01,9.568136334419250488e-01,9.568758010864257812e-01,9.568788409233093262e-01,9.568678736686706543e-01,9.568578600883483887e-01,9.568783640861511230e-01,9.568881988525390625e-01,9.568930268287658691e-01,9.568954110145568848e-01,9.568966031074523926e-01,9.568971991539001465e-01,9.568975567817687988e-01,9.568977355957031250e-01,9.568977355957031250e-01,9.568977355957031250e-01,9.231254458427429199e-01,9.259398579597473145e-01,8.585295677185058594e-01,9.479017257690429688e-01,9.509561657905578613e-01,9.532282948493957520e-01,9.551699161529541016e-01,9.560436606407165527e-01,9.564766883850097656e-01,9.566895365715026855e-01,9.567942619323730469e-01,9.568461775779724121e-01,9.568720459938049316e-01,9.568849205970764160e-01,9.568914771080017090e-01,9.568945765495300293e-01,9.568962454795837402e-01,9.568977355957031250e-01,9.568977355957031250e-01,9.568977355957031250e-01,9.601848721504211426e-01,9.519174098968505859e-01,9.383743405342102051e-01,8.949904441833496094e-01,9.190298914909362793e-01,9.427876472473144531e-01,9.501101374626159668e-01,9.535735249519348145e-01,9.552425742149353027e-01,9.560715556144714355e-01,9.564869999885559082e-01,9.566929936408996582e-01,9.567956328392028809e-01,9.568467140197753906e-01,9.544970393180847168e-01,9.560373425483703613e-01,9.564485549926757812e-01,9.568977355957031250e-01,9.568977355957031250e-01,9.568977355957031250e-01,9.590444564819335938e-01,9.533610343933105469e-01,9.437673091888427734e-01,9.526227116584777832e-01,9.546151161193847656e-01,9.555532932281494141e-01,9.561145305633544922e-01,9.564360976219177246e-01,9.566344618797302246e-01,9.567376971244812012e-01,9.568030238151550293e-01,9.568504691123962402e-01,9.568741917610168457e-01,9.597749710083007812e-01,9.270189404487609863e-01,9.504599571228027344e-01,9.537410736083984375e-01,9.568977355957031250e-01,9.568977355957031250e-01,9.568977355957031250e-01,9.566990733146667480e-01,9.568977355957031250e-01,9.568977355957031250e-01,9.568977355957031250e-01,9.568977355957031250e-01,9.568977355957031250e-01,9.568977355957031250e-01,9.568977355957031250e-01,9.568977355957031250e-01,9.568977355957031250e-01,9.568977355957031250e-01,9.568977355957031250e-01,9.560787081718444824e-01,9.258739948272705078e-01,9.005505442619323730e-01,9.455105662345886230e-01,9.513642191886901855e-01,9.568977355957031250e-01,9.568977355957031250e-01,9.568977355957031250e-01,9.568977355957031250e-01,9.568977355957031250e-01,9.568977355957031250e-01,9.568977355957031250e-01,9.568977355957031250e-01,9.568977355957031250e-01,9.568977355957031250e-01,9.568977355957031250e-01,9.568977355957031250e-01,9.568977355957031250e-01,9.568977355957031250e-01,9.621363282203674316e-01,9.595017433166503906e-01,9.455035328865051270e-01,9.088098406791687012e-01,9.473555684089660645e-01,9.523250460624694824e-01,9.568977355957031250e-01,9.568977355957031250e-01,9.568977355957031250e-01,9.568977355957031250e-01,9.568977355957031250e-01,9.568977355957031250e-01,9.568977355957031250e-01,9.568977355957031250e-01,9.568977355957031250e-01,9.568977355957031250e-01,9.568977355957031250e-01,9.568977355957031250e-01,9.568977355957031250e-01,9.583194255828857422e-01,9.555325508117675781e-01,9.590850472450256348e-01,9.572325348854064941e-01,8.981254100799560547e-01,9.460399746894836426e-01,9.517999291419982910e-01
9.772233366966247559e-01,9.772233366966247559e-01,9.548091888427734375e-01,9.482252001762390137e-01,1.000000000000000000e+00,9.855456948280334473e-01,9.769392609596252441e-01,9.813830256462097168e-01,9.796711802482604980e-01,9.785913825035095215e-01,9.779768586158752441e-01,9.776142239570617676e-01,9.774260520935058594e-01,9.773251414299011230e-01,9.772743582725524902e-01,9.772488474845886230e-01,9.772360920906066895e-01,9.772297739982604980e-01,9.772264957427978516e-01,9.772248864173889160e-01,9.772233366966247559e-01,9.772233366966247559e-01,9.772233366966247559e-01,9.572588801383972168e-01,9.719691872596740723e-01,9.184009432792663574e-01,9.782469868659973145e-01,9.793142676353454590e-01,9.789455533027648926e-01,9.782838821411132812e-01,9.778168797492980957e-01,9.775299429893493652e-01,9.773795008659362793e-01,9.773020148277282715e-01,9.772627949714660645e-01,9.772431254386901855e-01,9.772331714630126953e-01,9.772282242774963379e-01,9.772257804870605469e-01,9.772245883941650391e-01,9.772233366966247559e-01,9.772233366966247559e-01,9.772233366966247559e-01,9.558415412902832031e-01,9.822914004325866699e-01,9.573208689689636230e-01,9.267297387123107910e-01,9.567987322807312012e-01,9.691489338874816895e-01,9.735174775123596191e-01,9.754647612571716309e-01,9.763833880424499512e-01,9.768132567405700684e-01,9.770205616950988770e-01,9.771224856376647949e-01,9.771730303764343262e-01,9.771981835365295410e-01,9.782237410545349121e-01,9.776671528816223145e-01,9.774581789970397949e-01,9.772233366966247559e-01,9.772233366966247559e-01,9.772233366966247559e-01,9.555618166923522949e-01,9.712939262390136719e-01,9.761521220207214355e-01,9.788734316825866699e-01,9.784112572669982910e-01,9.779466986656188965e-01,9.775845408439636230e-01,9.774293899536132812e-01,9.773666858673095703e-01,9.773113131523132324e-01,9.772706031799316406e-01,9.772469997406005859e-01,9.772351384162902832e-01,9.781420826911926270e-01,9.548016190528869629e-01,9.727110266685485840e-01,9.749329686164855957e-01,9.772233366966247559e-01,9.772233366966247559e-01,9.772233366966247559e-01,9.772212505340576172e-01,9.772233366966247559e-01,9.772233366966247559e-01,9.772233366966247559e-01,9.772233366966247559e-01,9.772233366966247559e-01,9.772233366966247559e-01,9.772233366966247559e-01,9.772233366966247559e-01,9.772233366966247559e-01,9.772233366966247559e-01,9.772233366966247559e-01,9.780676960945129395e-01,9.710571765899658203e-01,9.373462796211242676e-01,9.728460907936096191e-01,9.754180908203125000e-01,9.772233366966247559e-01,9.772233366966247559e-01,9.772233366966247559e-01,9.772233366966247559e-01,9.772233366966247559e-01,9.772233366966247559e-01,9.772233366966247559e-01,9.772233366966247559e-01,9.772233366966247559e-01,9.772233366966247559e-01,9.772233366966247559e-01,9.772233366966247559e-01,9.772233366966247559e-01,9.772233366966247559e-01,9.798476099967956543e-01,9.790980815887451172e-01,9.704468846321105957e-01,9.417117238044738770e-01,9.738611578941345215e-01,9.759612083435058594e-01,9.772233366966247559e-01,9.772233366966247559e-01,9.772233366966247559e-01,9.772233366966247559e-01,9.772233366966247559e-01,9.772233366966247559e-01,9.772233366966247559e-01,9.772233366966247559e-01,9.772233366966247559e-01,9.772233366966247559e-01,9.772233366966247559e-01,9.772233366966247559e-01,9.772233366966247559e-01,9.772265553474426270e-01,9.755954742431640625e-01,9.775853157043457031e-01,9.765322208404541016e-01,9.280110001564025879e-01,9.715610146522521973e-01,9.748215675354003906e-01
9.901611804962158203e-01,9.901611804962158203e-01,9.719850420951843262e-01,9.571657180786132812e-01,9.855456948280334473e-01,1.000000000000000000e+00,9.948135018348693848e-01,9.959934353828430176e-01,9.934566020965576172e-01,9.919232726097106934e-01,9.910693168640136719e-01,9.906232953071594238e-01,9.903946518898010254e-01,9.902784228324890137e-01,9.902198910713195801e-01,9.901906847953796387e-01,9.901759028434753418e-01,9.901686310768127441e-01,9.901649355888366699e-01,9.901630282402038574e-01,9.901611804962158203e-01,9.901611804962158203e-01,9.901611804962158203e-01,9.772489666938781738e-01,9.792582392692565918e-01,9.014094471931457520e-01,9.921961426734924316e-01,9.928205609321594238e-01,9.922211766242980957e-01,9.913614392280578613e-01,9.908035397529602051e-01,9.904923439025878906e-01,9.903296828269958496e-01,9.902462363243103027e-01,9.902038574218750000e-01,9.901825785636901855e-01,9.901719093322753906e-01,9.901666641235351562e-01,9.901638627052307129e-01,9.901625514030456543e-01,9.901611804962158203e-01,9.901611804962158203e-01,9.901611804962158203e-01,9.782143235206604004e-01,9.932071566581726074e-01,9.877559542655944824e-01,9.485754966735839844e-01,9.770432114601135254e-01,9.860447049140930176e-01,9.884839057922363281e-01,9.894094467163085938e-01,9.898192286491394043e-01,9.899986386299133301e-01,9.900822639465332031e-01,9.901223182678222656e-01,9.901419281959533691e-01,9.901515841484069824e-01,9.901383519172668457e-01,9.902148246765136719e-01,9.901957511901855469e-01,9.901611804962158203e-01,9.901611804962158203e-01,9.901611804962158203e-01,9.763774275779724121e-01,9.890198111534118652e-01,9.857333302497863770e-01,9.918055534362792969e-01,9.915542602539062500e-01,9.909688830375671387e-01,9.905212521553039551e-01,9.903196692466735840e-01,9.902360439300537109e-01,9.901978373527526855e-01,9.901800155639648438e-01,9.901707172393798828e-01,9.901659488677978516e-01,9.915103912353515625e-01,9.683815836906433105e-01,9.864714145660400391e-01,9.884471893310546875e-01,9.901611804962158203e-01,9.901611804962158203e-01,9.901611804962158203e-01,9.902735352516174316e-01,9.901611804962158203e-01,9.901611804962158203e-01,9.901611804962158203e-01,9.901611804962158203e-01,9.901611804962158203e-01,9.901611804962158203e-01,9.901611804962158203e-01,9.901611804962158203e-01,9.901611804962158203e-01,9.901611804962158203e-01,9.901611804962158203e-01,9.914229512214660645e-01,9.684225916862487793e-01,9.475398063659667969e-01,9.849552512168884277e-01,9.880728125572204590e-01,9.901611804962158203e-01,9.901611804962158203e-01,9.901611804962158203e-01,9.901611804962158203e-01,9.901611804962158203e-01,9.901611804962158203e-01,9.901611804962158203e-01,9.901611804962158203e-01,9.901611804962158203e-01,9.901611804962158203e-01,9.901611804962158203e-01,9.901611804962158203e-01,9.901611804962158203e-01,9.901611804962158203e-01,9.929942488670349121e-01,9.924116134643554688e-01,9.737520217895507812e-01,9.539465904235839844e-01,9.855974316596984863e-01,9.884422421455383301e-01,9.901611804962158203e-01,9.901611804962158203e-01,9.901611804962158203e-01,9.901611804962158203e-01,9.901611804962158203e-01,9.901611804962158203e-01,9.901611804962158203e-01,9.901611804962158203e-01,9.901611804962158203e-01,9.901611804962158203e-01,9.901611804962158203e-01,9.901611804962158203e-01,9.901611804962158203e-01,9.902632832527160645e-01,9.907053112983703613e-01,9.908452630043029785e-01,9.891722798347473145e-01,9.381249547004699707e-01,9.843133091926574707e-01,9.878455996513366699e-01
9.802194237709045410e-01,9.802194237709045410e-01,9.576270580291748047e-01,9.438505172729492188e-01,9.769392609596252441e-01,9.948135018348693848e-01,1.000000000000000000e+00,9.882168769836425781e-01,9.846367239952087402e-01,9.825512766838073730e-01,9.814150929450988770e-01,9.808307290077209473e-01,9.805328249931335449e-01,9.803766608238220215e-01,9.802982211112976074e-01,9.802587628364562988e-01,9.802391529083251953e-01,9.802293181419372559e-01,9.802243709564208984e-01,9.802219271659851074e-01,9.802194237709045410e-01,9.802194237709045410e-01,9.802194237709045410e-01,9.761956334114074707e-01,9.784569144248962402e-01,8.969401717185974121e-01,9.870697855949401855e-01,9.858235716819763184e-01,9.841553568840026855e-01,9.823759198188781738e-01,9.813442230224609375e-01,9.807922244071960449e-01,9.805090427398681641e-01,9.803650379180908203e-01,9.802924990653991699e-01,9.802560210227966309e-01,9.802377223968505859e-01,9.802286624908447266e-01,9.802240729331970215e-01,9.802217483520507812e-01,9.802194237709045410e-01,9.802194237709045410e-01,9.802194237709045410e-01,9.640554785728454590e-01,9.838146567344665527e-01,9.835138320922851562e-01,9.454178214073181152e-01,9.710416197776794434e-01,9.776191115379333496e-01,9.792730212211608887e-01,9.798245429992675781e-01,9.800595641136169434e-01,9.801487922668457031e-01,9.801864027976989746e-01,9.802034497261047363e-01,9.802117347717285156e-01,9.802155494689941406e-01,9.810175895690917969e-01,9.805933833122253418e-01,9.804207682609558105e-01,9.802194237709045410e-01,9.802194237709045410e-01,9.802194237709045410e-01,9.654941558837890625e-01,9.787877202033996582e-01,9.751601815223693848e-01,9.818243980407714844e-01,9.816353321075439453e-01,9.810519814491271973e-01,9.805844426155090332e-01,9.803795218467712402e-01,9.802954792976379395e-01,9.802606105804443359e-01,9.802433848381042480e-01,9.802315831184387207e-01,9.802255034446716309e-01,9.820985794067382812e-01,9.609046578407287598e-01,9.769804477691650391e-01,9.787278175354003906e-01,9.802194237709045410e-01,9.802194237709045410e-01,9.802194237709045410e-01,9.803782105445861816e-01,9.802194237709045410e-01,9.802194237709045410e-01,9.802194237709045410e-01,9.802194237709045410e-01,9.802194237709045410e-01,9.802194237709045410e-01,9.802194237709045410e-01,9.802194237709045410e-01,9.802194237709045410e-01,9.802194237709045410e-01,9.802194237709045410e-01,9.826638102531433105e-01,9.527139663696289062e-01,9.435488581657409668e-01,9.768587946891784668e-01,9.790715575218200684e-01,9.802194237709045410e-01,9.802194237709045410e-01,9.802194237709045410e-01,9.802194237709045410e-01,9.802194237709045410e-01,9.802194237709045410e-01,9.802194237709045410e-01,9.802194237709045410e-01,9.802194237709045410e-01,9.802194237709045410e-01,9.802194237709045410e-01,9.802194237709045410e-01,9.802194237709045410e-01,9.802194237709045410e-01,9.850811362266540527e-01,9.837205410003662109e-01,9.587645530700683594e-01,9.517385363578796387e-01,9.776744842529296875e-01,9.795403480529785156e-01,9.802194237709045410e-01,9.802194237709045410e-01,9.802194237709045410e-01,9.802194237709045410e-01,9.802194237709045410e-01,9.802194237709045410e-01,9.802194237709045410e-01,9.802194237709045410e-01,9.802194237709045410e-01,9.802194237709045410e-01,9.802194237709045410e-01,9.802194237709045410e-01,9.802194237709045410e-01,9.799272418022155762e-01,9.822998642921447754e-01,9.812436103820800781e-01,9.786529541015625000e-01,9.356422424316406250e-01,9.769554138183593750e-01,9.792469143867492676e-01
9.984527230262756348e-01,9.984527230262756348e-01,9.755311608314514160e-01,9.568896889686584473e-01,9.813830256462097168e-01,9.959934353828430176e-01,9.882168769836425781e-01,1.000000000000000000e+00,9.996377825736999512e-01,9.991632103919982910e-01,9.988365173339843750e-01,9.986529946327209473e-01,9.985556602478027344e-01,9.985046982765197754e-01,9.984788894653320312e-01,9.984658360481262207e-01,9.984593391418457031e-01,9.984561800956726074e-01,9.984543919563293457e-01,9.984536170959472656e-01,9.984527230262756348e-01,9.984527230262756348e-01,9.984527230262756348e-01,9.808213114738464355e-01,9.796025156974792480e-01,8.893492221832275391e-01,9.952158927917480469e-01,9.986221790313720703e-01,9.990722537040710449e-01,9.989283084869384766e-01,9.987323880195617676e-01,9.986031651496887207e-01,9.985308647155761719e-01,9.984925389289855957e-01,9.984729290008544922e-01,9.984628558158874512e-01,9.984579086303710938e-01,9.984553456306457520e-01,9.984540939331054688e-01,9.984534382820129395e-01,9.984527230262756348e-01,9.984527230262756348e-01,9.984527230262756348e-01,9.813830852508544922e-01,9.904454350471496582e-01,9.868726730346679688e-01,9.662191867828369141e-01,9.881888031959533691e-01,9.961795806884765625e-01,9.977865219116210938e-01,9.982388019561767578e-01,9.983808398246765137e-01,9.984257221221923828e-01,9.984415173530578613e-01,9.984477162361145020e-01,9.984504580497741699e-01,9.984517097473144531e-01,9.983501434326171875e-01,9.984796643257141113e-01,9.984750747680664062e-01,9.984527230262756348e-01,9.984527230262756348e-01,9.984527230262756348e-01,9.683904647827148438e-01,9.865570664405822754e-01,9.883826375007629395e-01,9.975504875183105469e-01,9.987366199493408203e-01,9.987680315971374512e-01,9.986319541931152344e-01,9.985426068305969238e-01,9.984976649284362793e-01,9.984758496284484863e-01,9.984650611877441406e-01,9.984590411186218262e-01,9.984560012817382812e-01,9.987698197364807129e-01,9.807206988334655762e-01,9.965640902519226074e-01,9.977074265480041504e-01,9.984527230262756348e-01,9.984527230262756348e-01,9.984527230262756348e-01,9.985143542289733887e-01,9.984527230262756348e-01,9.984527230262756348e-01,9.984527230262756348e-01,9.984527230262756348e-01,9.984527230262756348e-01,9.984527230262756348e-01,9.984527230262756348e-01,9.984527230262756348e-01,9.984527230262756348e-01,9.984527230262756348e-01,9.984527230262756348e-01,9.988037943840026855e-01,9.827325344085693359e-01,9.601902961730957031e-01,9.947226047515869141e-01,9.971859455108642578e-01,9.984527230262756348e-01,9.984527230262756348e-01,9.984527230262756348e-01,9.984527230262756348e-01,9.984527230262756348e-01,9.984527230262756348e-01,9.984527230262756348e-01,9.984527230262756348e-01,9.984527230262756348e-01,9.984527230262756348e-01,9.984527230262756348e-01,9.984527230262756348e-01,9.984527230262756348e-01,9.984527230262756348e-01,9.986042380332946777e-01,9.990336298942565918e-01,9.805694222450256348e-01,9.619607925415039062e-01,9.948177337646484375e-01,9.972760081291198730e-01,9.984527230262756348e-01,9.984527230262756348e-01,9.984527230262756348e-01,9.984527230262756348e-01,9.984527230262756348e-01,9.984527230262756348e-01,9.984527230262756348e-01,9.984527230262756348e-01,9.984527230262756348e-01,9.984527230262756348e-01,9.984527230262756348e-01,9.984527230262756348e-01,9.984527230262756348e-01,9.984357357025146484e-01,9.982125163078308105e-01,9.986150860786437988e-01,9.980329871177673340e-01,9.513468742370605469e-01,9.945087432861328125e-01,9.971249699592590332e-01
9.995574951171875000e-01,9.995574951171875000e-01,9.761150479316711426e-01,9.568136334419250488e-01,9.796711802482604980e-01,9.934566020965576172e-01,9.846367239952087402e-01,9.996377825736999512e-01,1.000000000000000000e+00,9.998946189880371094e-01,9.997553229331970215e-01,9.996641278266906738e-01,9.996131062507629395e-01,9.995858073234558105e-01,9.995717406272888184e-01,9.995646476745605469e-01,9.995610117912292480e-01,9.995592236518859863e-01,9.995582699775695801e-01,9.995577931404113770e-01,9.995574951171875000e-01,9.995574951171875000e-01,9.995574951171875000e-01,9.802214503288269043e-01,9.784051775932312012e-01,8.855231404304504395e-01,9.945123791694641113e-01,9.987945556640625000e-01,9.996144175529479980e-01,9.997488856315612793e-01,9.996951222419738770e-01,9.996369481086730957e-01,9.996001124382019043e-01,9.995794296264648438e-01,9.995686411857604980e-01,9.995630383491516113e-01,9.995601773262023926e-01,9.995588660240173340e-01,9.995580315589904785e-01,9.995577931404113770e-01,9.995574951171875000e-01,9.995574951171875000e-01,9.995574951171875000e-01,9.811475872993469238e-01,9.882515072822570801e-01,9.846630096435546875e-01,9.693867564201354980e-01,9.894132614135742188e-01,9.974832534790039062e-01,9.990077018737792969e-01,9.994104504585266113e-01,9.995186924934387207e-01,9.995469450950622559e-01,9.995543956756591797e-01,9.995564818382263184e-01,9.995570778846740723e-01,9.995573163032531738e-01,9.993903040885925293e-01,9.995619654655456543e-01,9.995681643486022949e-01,9.995574951171875000e-01,9.995574951171875000e-01,9.995574951171875000e-01,9.648790955543518066e-01,9.844594001770019531e-01,9.878970980644226074e-01,9.978082776069641113e-01,9.994294643402099609e-01,9.996728897094726562e-01,9.996545910835266113e-01,9.996134638786315918e-01,9.995870590209960938e-01,9.995731711387634277e-01,9.995658397674560547e-01,9.995616078376770020e-01,9.995595812797546387e-01,9.995602965354919434e-01,9.829826951026916504e-01,9.981345534324645996e-01,9.990573525428771973e-01,9.995574951171875000e-01,9.995574951171875000e-01,9.995574951171875000e-01,9.995928406715393066e-01,9.995574951171875000e-01,9.995574951171875000e-01,9.995574951171875000e-01,9.995574951171875000e-01,9.995574951171875000e-01,9.995574951171875000e-01,9.995574951171875000e-01,9.995574951171875000e-01,9.995574951171875000e-01,9.995574951171875000e-01,9.995574951171875000e-01,9.995810985565185547e-01,9.856546521186828613e-01,9.625182151794433594e-01,9.962071776390075684e-01,9.984965920448303223e-01,9.995574951171875000e-01,9.995574951171875000e-01,9.995574951171875000e-01,9.995574951171875000e-01,9.995574951171875000e-01,9.995574951171875000e-01,9.995574951171875000e-01,9.995574951171875000e-01,9.995574951171875000e-01,9.995574951171875000e-01,9.995574951171875000e-01,9.995574951171875000e-01,9.995574951171875000e-01,9.995574951171875000e-01,9.989557266235351562e-01,9.995855689048767090e-01,9.817719459533691406e-01,9.629237055778503418e-01,9.961763024330139160e-01,9.985179901123046875e-01,9.995574951171875000e-01,9.995574951171875000e-01,9.995574951171875000e-01,9.995574951171875000e-01,9.995574951171875000e-01,9.995574951171875000e-01,9.995574951171875000e-01,9.995574951171875000e-01,9.995574951171875000e-01,9.995574951171875000e-01,9.995574951171875000e-01,9.995574951171875000e-01,9.995574951171875000e-01,9.995090365409851074e-01,9.989289641380310059e-01,9.995641708374023438e-01,9.992781281471252441e-01,9.539882540702819824e-01,9.960913658142089844e-01,9.984678626060485840e-01
9.998831748962402344e-01,9.998831748962402344e-01,9.765111804008483887e-01,9.568758010864257812e-01,9.785913825035095215e-01,9.919232726097106934e-01,9.825512766838073730e-01,9.991632103919982910e-01,9.998946189880371094e-01,1.000000000000000000e+00,9.999708533287048340e-01,9.999346733093261719e-01,9.999110102653503418e-01,9.998976588249206543e-01,9.998905062675476074e-01,9.998868107795715332e-01,9.998850822448730469e-01,9.998841285705566406e-01,9.998836517333984375e-01,9.998834729194641113e-01,9.998831748962402344e-01,9.998831748962402344e-01,9.998831748962402344e-01,9.798802733421325684e-01,9.775788784027099609e-01,8.836466670036315918e-01,9.938895106315612793e-01,9.985923767089843750e-01,9.996042251586914062e-01,9.999025464057922363e-01,9.999344348907470703e-01,9.999195933341979980e-01,9.999042153358459473e-01,9.998943805694580078e-01,9.998889565467834473e-01,9.998860359191894531e-01,9.998846054077148438e-01,9.998839497566223145e-01,9.998834729194641113e-01,9.998834133148193359e-01,9.998831748962402344e-01,9.998831748962402344e-01,9.998831748962402344e-01,9.809427261352539062e-01,9.868559241294860840e-01,9.832645058631896973e-01,9.706029891967773438e-01,9.896546006202697754e-01,9.978216290473937988e-01,9.993400573730468750e-01,9.997432827949523926e-01,9.998478889465332031e-01,9.998744130134582520e-01,9.998810887336730957e-01,9.998826980590820312e-01,9.998831152915954590e-01,9.998831748962402344e-01,9.996719360351562500e-01,9.998709559440612793e-01,9.998852610588073730e-01,9.998831748962402344e-01,9.998831748962402344e-01,9.998831748962402344e-01,9.630176424980163574e-01,9.832224845886230469e-01,9.874275326728820801e-01,9.976685643196105957e-01,9.994925856590270996e-01,9.998511672019958496e-01,9.999117255210876465e-01,9.999075531959533691e-01,9.998978972434997559e-01,9.998913407325744629e-01,9.998877048492431641e-01,9.998855590820312500e-01,9.998843669891357422e-01,9.997149109840393066e-01,9.839496016502380371e-01,9.986945986747741699e-01,9.995059370994567871e-01,9.998831748962402344e-01,9.998831748962402344e-01,9.998831748962402344e-01,9.999005198478698730e-01,9.998831748962402344e-01,9.998831748962402344e-01,9.998831748962402344e-01,9.998831748962402344e-01,9.998831748962402344e-01,9.998831748962402344e-01,9.998831748962402344e-01,9.998831748962402344e-01,9.998831748962402344e-01,9.998831748962402344e-01,9.998831748962402344e-01,9.997239112854003906e-01,9.868009686470031738e-01,9.636173844337463379e-01,9.967593550682067871e-01,9.989449381828308105e-01,9.998831748962402344e-01,9.998831748962402344e-01,9.998831748962402344e-01,9.998831748962402344e-01,9.998831748962402344e-01,9.998831748962402344e-01,9.998831748962402344e-01,9.998831748962402344e-01,9.998831748962402344e-01,9.998831748962402344e-01,9.998831748962402344e-01,9.998831748962402344e-01,9.998831748962402344e-01,9.998831748962402344e-01,9.989122748374938965e-01,9.996266961097717285e-01,9.823513031005859375e-01,9.634549021720886230e-01,9.966877102851867676e-01,9.989399909973144531e-01,9.998831748962402344e-01,9.998831748962402344e-01,9.998831748962402344e-01,9.998831748962402344e-01,9.998831748962402344e-01,9.998831748962402344e-01,9.998831748962402344e-01,9.998831748962402344e-01,9.998831748962402344e-01,9.998831748962402344e-01,9.998831748962402344e-01,9.998831748962402344e-01,9.998831748962402344e-01,9.998248219490051270e-01,9.990599751472473145e-01,9.998192787170410156e-01,9.996379017829895020e-01,9.553103446960449219e-01,9.966809153556823730e-01,9.989254474639892578e-01
9.999706745147705078e-01,9.999706745147705078e-01,9.766907691955566406e-01,9.568788409233093262e-01,9.779768586158752441e-01,9.910693168640136719e-01,9.814150929450988770e-01,9.988365173339843750e-01,9.997553229331970215e-01,9.999708533287048340e-01,1.000000000000000000e+00,9.999927878379821777e-01,9.999837875366210938e-01,9.999776482582092285e-01,9.999742507934570312e-01,9.999725222587585449e-01,9.999715685844421387e-01,9.999711513519287109e-01,9.999709129333496094e-01,9.999708533287048340e-01,9.999706745147705078e-01,9.999706745147705078e-01,9.999706745147705078e-01,9.796726703643798828e-01,9.770927429199218750e-01,8.826816678047180176e-01,9.934934973716735840e-01,9.984049797058105469e-01,9.995144009590148926e-01,9.998989105224609375e-01,9.999759793281555176e-01,9.999840855598449707e-01,9.999802112579345703e-01,9.999759793281555176e-01,9.999735951423645020e-01,9.999721050262451172e-01,9.999714493751525879e-01,9.999710917472839355e-01,9.999708533287048340e-01,9.999707341194152832e-01,9.999706745147705078e-01,9.999706745147705078e-01,9.999706745147705078e-01,9.807904362678527832e-01,9.860698580741882324e-01,9.824781417846679688e-01,9.711205363273620605e-01,9.896814823150634766e-01,9.979026913642883301e-01,9.994228482246398926e-01,9.998303055763244629e-01,9.999350905418395996e-01,9.999616742134094238e-01,9.999683499336242676e-01,9.999701380729675293e-01,9.999706149101257324e-01,9.999706149101257324e-01,9.997356534004211426e-01,9.999489784240722656e-01,9.999680519104003906e-01,9.999706745147705078e-01,9.999706745147705078e-01,9.999706745147705078e-01,9.620214104652404785e-01,9.825325012207031250e-01,9.871202111244201660e-01,9.975166320800781250e-01,9.994390010833740234e-01,9.998568892478942871e-01,9.999602437019348145e-01,9.999768137931823730e-01,9.999766349792480469e-01,9.999744892120361328e-01,9.999729990959167480e-01,9.999718666076660156e-01,9.999712109565734863e-01,9.997124075889587402e-01,9.843851923942565918e-01,9.989022612571716309e-01,9.996561408042907715e-01,9.999706745147705078e-01,9.999706745147705078e-01,9.999706745147705078e-01,9.999781250953674316e-01,9.999706745147705078e-01,9.999706745147705078e-01,9.999706745147705078e-01,9.999706745147705078e-01,9.999706745147705078e-01,9.999706745147705078e-01,9.999706745147705078e-01,9.999706745147705078e-01,9.999706745147705078e-01,9.999706745147705078e-01,9.999706745147705078e-01,9.997156262397766113e-01,9.872930049896240234e-01,9.641390442848205566e-01,9.969708323478698730e-01,9.990990757942199707e-01,9.999706745147705078e-01,9.999706745147705078e-01,9.999706745147705078e-01,9.999706745147705078e-01,9.999706745147705078e-01,9.999706745147705078e-01,9.999706745147705078e-01,9.999706745147705078e-01,9.999706745147705078e-01,9.999706745147705078e-01,9.999706745147705078e-01,9.999706745147705078e-01,9.999706745147705078e-01,9.999706745147705078e-01,9.988132119178771973e-01,9.995686411857604980e-01,9.826084971427917480e-01,9.637053608894348145e-01,9.968827366828918457e-01,9.990823864936828613e-01,9.999706745147705078e-01,9.999706745147705078e-01,9.999706745147705078e-01,9.999706745147705078e-01,9.999706745147705078e-01,9.999706745147705078e-01,9.999706745147705078e-01,9.999706745147705078e-01,9.999706745147705078e-01,9.999706745147705078e-01,9.999706745147705078e-01,9.999706745147705078e-01,9.999706745147705078e-01,9.999082088470458984e-01,9.990491867065429688e-01,9.998715519905090332e-01,9.997356534004211426e-01,9.559556841850280762e-01,9.969086647033691406e-01,9.990829825401306152e-01
