1.000000000000000000e+00,1.000000000000000000e+00,7.016345858573913574e-01,8.788011670112609863e-01,9.749760627746582031e-01,9.646943211555480957e-01,9.986736178398132324e-01,9.997118115425109863e-01,9.999251365661621094e-01,9.999787807464599609e-01,9.999946951866149902e-01,9.999986290931701660e-01,9.999997019767761230e-01,9.999998211860656738e-01,1.000000000000000000e+00,1.000000000000000000e+00,9.984162449836730957e-01,9.997858405113220215e-01,9.999461174011230469e-01,9.999863505363464355e-01,1.000000000000000000e+00,1.000000000000000000e+00,9.785518050193786621e-01,9.965358376502990723e-01,9.898224472999572754e-01,9.790847897529602051e-01,9.969643950462341309e-01,9.993585944175720215e-01,9.998328685760498047e-01,9.999537467956542969e-01,9.999864101409912109e-01,9.999964833259582520e-01,9.999991059303283691e-01,9.999998211860656738e-01,9.999999403953552246e-01,1.000000000000000000e+00,9.989104270935058594e-01,9.997474551200866699e-01,9.999350905418395996e-01,9.999834895133972168e-01,1.000000000000000000e+00,1.000000000000000000e+00,9.946566224098205566e-01,9.874078631401062012e-01,9.079266190528869629e-01,9.634652137756347656e-01,9.939021468162536621e-01,9.983897209167480469e-01,9.995948672294616699e-01,9.998977184295654297e-01,9.999753832817077637e-01,9.999938011169433594e-01,9.999983906745910645e-01,9.999995231628417969e-01,9.999998211860656738e-01,1.000000000000000000e+00,9.842473864555358887e-01,9.981155395507812500e-01,9.999165534973144531e-01,9.999791979789733887e-01,1.000000000000000000e+00,1.000000000000000000e+00,1.000000000000000000e+00,9.992147088050842285e-01,9.949960112571716309e-01,9.979932308197021484e-01,9.995114803314208984e-01,9.998760223388671875e-01,9.999663233757019043e-01,9.999914765357971191e-01,9.999978542327880859e-01,9.999995231628417969e-01,9.999998211860656738e-01,1.000000000000000000e+00,9.999999403953552246e-01,9.999451637268066406e-01,9.921329617500305176e-01,9.886457324028015137e-01,9.987578392028808594e-01,9.996480345726013184e-01,1.000000000000000000e+00,1.000000000000000000e+00,1.000000000000000000e+00,9.989525675773620605e-01,9.999571442604064941e-01,9.999892711639404297e-01,9.999973773956298828e-01,9.999993443489074707e-01,9.999997019767761230e-01,9.999999403953552246e-01,1.000000000000000000e+00,1.000000000000000000e+00,1.000000000000000000e+00,1.000000000000000000e+00,9.998742938041687012e-01,9.997568726539611816e-01,9.841467738151550293e-01,9.903425574302673340e-01,9.989524483680725098e-01,9.997091889381408691e-01,1.000000000000000000e+00,1.000000000000000000e+00,1.000000000000000000e+00,9.991691708564758301e-01,9.999459385871887207e-01,9.999864101409912109e-01,9.999966621398925781e-01,9.999991059303283691e-01,9.999998211860656738e-01,9.999998211860656738e-01,9.999999403953552246e-01,9.999999403953552246e-01,1.000000000000000000e+00,9.998610019683837891e-01,9.999015927314758301e-01,9.999817013740539551e-01,9.772841930389404297e-01,9.695566296577453613e-01,9.981465339660644531e-01,9.994470477104187012e-01,1.000000000000000000e+00,1.000000000000000000e+00,1.000000000000000000e+00,9.959155917167663574e-01,9.996127486228942871e-01,9.999007582664489746e-01,9.999750256538391113e-01,9.999936223030090332e-01,9.999983310699462891e-01,9.999995827674865723e-01,9.999998211860656738e-01,9.999999403953552246e-01,1.000000000000000000e+00,9.999370574951171875e-01,9.997386336326599121e-01,9.999967217445373535e-01,9.761955738067626953e-01,9.447937011718750000e-01,9.989255070686340332e-01,9.997417926788330078e-01
1.000000000000000000e+00,1.000000000000000000e+00,7.016345858573913574e-01,8.788011670112609863e-01,9.749760627746582031e-01,9.646943211555480957e-01,9.986736178398132324e-01,9.997118115425109863e-01,9.999251365661621094e-01,9.999787807464599609e-01,9.999946951866149902e-01,9.999986290931701660e-01,9.999997019767761230e-01,9.999998211860656738e-01,1.000000000000000000e+00,1.000000000000000000e+00,9.984162449836730957e-01,9.997858405113220215e-01,9.999461174011230469e-01,9.999863505363464355e-01,1.000000000000000000e+00,1.000000000000000000e+00,9.785518050193786621e-01,9.965358376502990723e-01,9.898224472999572754e-01,9.790847897529602051e-01,9.969643950462341309e-01,9.993585944175720215e-01,9.998328685760498047e-01,9.999537467956542969e-01,9.999864101409912109e-01,9.999964833259582520e-01,9.999991059303283691e-01,9.999998211860656738e-01,9.999999403953552246e-01,1.000000000000000000e+00,9.989104270935058594e-01,9.997474551200866699e-01,9.999350905418395996e-01,9.999834895133972168e-01,1.000000000000000000e+00,1.000000000000000000e+00,9.946566224098205566e-01,9.874078631401062012e-01,9.079266190528869629e-01,9.634652137756347656e-01,9.939021468162536621e-01,9.983897209167480469e-01,9.995948672294616699e-01,9.998977184295654297e-01,9.999753832817077637e-01,9.999938011169433594e-01,9.999983906745910645e-01,9.999995231628417969e-01,9.999998211860656738e-01,1.000000000000000000e+00,9.842473864555358887e-01,9.981155395507812500e-01,9.999165534973144531e-01,9.999791979789733887e-01,1.000000000000000000e+00,1.000000000000000000e+00,1.000000000000000000e+00,9.992147088050842285e-01,9.949960112571716309e-01,9.979932308197021484e-01,9.995114803314208984e-01,9.998760223388671875e-01,9.999663233757019043e-01,9.999914765357971191e-01,9.999978542327880859e-01,9.999995231628417969e-01,9.999998211860656738e-01,1.000000000000000000e+00,9.999999403953552246e-01,9.999451637268066406e-01,9.921329617500305176e-01,9.886457324028015137e-01,9.987578392028808594e-01,9.996480345726013184e-01,1.000000000000000000e+00,1.000000000000000000e+00,1.000000000000000000e+00,9.989525675773620605e-01,9.999571442604064941e-01,9.999892711639404297e-01,9.999973773956298828e-01,9.999993443489074707e-01,9.999997019767761230e-01,9.999999403953552246e-01,1.000000000000000000e+00,1.000000000000000000e+00,1.000000000000000000e+00,1.000000000000000000e+00,9.998742938041687012e-01,9.997568726539611816e-01,9.841467738151550293e-01,9.903425574302673340e-01,9.989524483680725098e-01,9.997091889381408691e-01,1.000000000000000000e+00,1.000000000000000000e+00,1.000000000000000000e+00,9.991691708564758301e-01,9.999459385871887207e-01,9.999864101409912109e-01,9.999966621398925781e-01,9.999991059303283691e-01,9.999998211860656738e-01,9.999998211860656738e-01,9.999999403953552246e-01,9.999999403953552246e-01,1.000000000000000000e+00,9.998610019683837891e-01,9.999015927314758301e-01,9.999817013740539551e-01,9.772841930389404297e-01,9.695566296577453613e-01,9.981465339660644531e-01,9.994470477104187012e-01,1.000000000000000000e+00,1.000000000000000000e+00,1.000000000000000000e+00,9.959155917167663574e-01,9.996127486228942871e-01,9.999007582664489746e-01,9.999750256538391113e-01,9.999936223030090332e-01,9.999983310699462891e-01,9.999995827674865723e-01,9.999998211860656738e-01,9.999999403953552246e-01,1.000000000000000000e+00,9.999370574951171875e-01,9.997386336326599121e-01,9.999967217445373535e-01,9.761955738067626953e-01,9.447937011718750000e-01,9.989255070686340332e-01,9.997417926788330078e-01
7.016345858573913574e-01,7.016345858573913574e-01,1.000000000000000000e+00,7.721720337867736816e-01,7.232545018196105957e-01,7.129535675048828125e-01,7.023289799690246582e-01,7.032834887504577637e-01,7.024591565132141113e-01,7.019776701927185059e-01,7.018060684204101562e-01,7.017204165458679199e-01,7.016775012016296387e-01,7.016559243202209473e-01,7.016451954841613770e-01,7.016398906707763672e-01,6.996607780456542969e-01,7.000918388366699219e-01,7.008623480796813965e-01,7.012502551078796387e-01,7.016345858573913574e-01,7.016345858573913574e-01,6.265836358070373535e-01,6.798674464225769043e-01,6.831290721893310547e-01,6.460730433464050293e-01,6.828578114509582520e-01,6.942999958992004395e-01,6.980133056640625000e-01,6.997592449188232422e-01,7.006599307060241699e-01,7.011475563049316406e-01,7.013911604881286621e-01,7.015128135681152344e-01,7.015736699104309082e-01,7.016041278839111328e-01,6.938732266426086426e-01,6.980634331703186035e-01,6.998345851898193359e-01,7.007310390472412109e-01,7.016345858573913574e-01,7.016345858573913574e-01,7.142727971076965332e-01,7.096743583679199219e-01,7.024715542793273926e-01,7.025936245918273926e-01,6.754488945007324219e-01,6.891918182373046875e-01,6.960325241088867188e-01,6.989805102348327637e-01,7.003806233406066895e-01,7.010090947151184082e-01,7.013222575187683105e-01,7.014784812927246094e-01,7.015564441680908203e-01,7.015956044197082520e-01,7.281023859977722168e-01,6.982653737068176270e-01,7.032679915428161621e-01,7.024653553962707520e-01,7.016345858573913574e-01,7.016345858573913574e-01,7.016345858573913574e-01,6.965760588645935059e-01,6.849204897880554199e-01,6.913538575172424316e-01,6.973603367805480957e-01,6.998594403266906738e-01,7.008003592491149902e-01,7.012174725532531738e-01,7.014260888099670410e-01,7.015302777290344238e-01,7.015824317932128906e-01,7.016084790229797363e-01,7.016215324401855469e-01,7.006214261054992676e-01,6.820800304412841797e-01,7.196385264396667480e-01,7.079064249992370605e-01,7.053645253181457520e-01,7.016345858573913574e-01,7.016345858573913574e-01,7.016345858573913574e-01,7.087957262992858887e-01,7.034151554107666016e-01,7.025287747383117676e-01,7.020825743675231934e-01,7.018588185310363770e-01,7.017467617988586426e-01,7.016906738281250000e-01,7.016627192497253418e-01,7.016485333442687988e-01,7.016415596008300781e-01,7.016380429267883301e-01,7.003807425498962402e-01,6.991766095161437988e-01,6.900668740272521973e-01,7.138333320617675781e-01,7.052920460700988770e-01,7.039564251899719238e-01,7.016345858573913574e-01,7.016345858573913574e-01,7.016345858573913574e-01,7.005455493927001953e-01,7.014744877815246582e-01,7.015576362609863281e-01,7.015969157218933105e-01,7.016158699989318848e-01,7.016253471374511719e-01,7.016299366950988770e-01,7.016322612762451172e-01,7.016334533691406250e-01,7.016339898109436035e-01,7.015662789344787598e-01,7.011726498603820801e-01,7.015103697776794434e-01,6.807001233100891113e-01,7.117964625358581543e-01,7.088357806205749512e-01,7.061399817466735840e-01,7.016345858573913574e-01,7.016345858573913574e-01,7.016345858573913574e-01,6.957303881645202637e-01,6.988794207572937012e-01,7.000934481620788574e-01,7.008607983589172363e-01,7.012465596199035645e-01,7.014401555061340332e-01,7.015373706817626953e-01,7.015859484672546387e-01,7.016102671623229980e-01,7.016224265098571777e-01,7.014009952545166016e-01,7.033436298370361328e-01,7.015425562858581543e-01,7.089404463768005371e-01,7.270602583885192871e-01,7.057383656501770020e-01,7.037724852561950684e-01
8.788011670112609863e-01,8.788011670112609863e-01,7.721720337867736816e-01,1.000000000000000000e+00,8.702125549316406250e-01,8.343799114227294922e-01,8.754322528839111328e-01,8.773970603942871094e-01,8.781545162200927734e-01,8.784890770912170410e-01,8.786482810974121094e-01,8.787255287170410156e-01,8.787636756896972656e-01,8.787824511528015137e-01,8.787919878959655762e-01,8.787963986396789551e-01,8.855522274971008301e-01,8.814964294433593750e-01,8.801900744438171387e-01,8.795063495635986328e-01,8.788011670112609863e-01,8.788011670112609863e-01,8.044965267181396484e-01,8.639883995056152344e-01,8.951120972633361816e-01,8.489593863487243652e-01,8.562247157096862793e-01,8.689858317375183105e-01,8.739447593688964844e-01,8.763862252235412598e-01,8.775966763496398926e-01,8.781999945640563965e-01,8.785008788108825684e-01,8.786510825157165527e-01,8.787261843681335449e-01,8.787637352943420410e-01,8.825960159301757812e-01,8.808054924011230469e-01,8.798525333404541016e-01,8.793399333953857422e-01,8.788011670112609863e-01,8.788011670112609863e-01,8.631224036216735840e-01,8.459237217903137207e-01,7.708680033683776855e-01,8.212442994117736816e-01,8.664638400077819824e-01,8.734810352325439453e-01,8.765068054199218750e-01,8.777041435241699219e-01,8.782575726509094238e-01,8.785324096679687500e-01,8.786675333976745605e-01,8.787345886230468750e-01,8.787679672241210938e-01,8.787846565246582031e-01,8.806660771369934082e-01,8.815498948097229004e-01,8.812384605407714844e-01,8.800408244132995605e-01,8.788011670112609863e-01,8.788011670112609863e-01,8.788011670112609863e-01,8.749911189079284668e-01,8.638088703155517578e-01,8.621721267700195312e-01,8.711102604866027832e-01,8.751399517059326172e-01,8.769798874855041504e-01,8.778958320617675781e-01,8.783498406410217285e-01,8.785759806632995605e-01,8.786886334419250488e-01,8.787450194358825684e-01,8.787731528282165527e-01,8.788337111473083496e-01,8.824905753135681152e-01,8.996979594230651855e-01,8.894601464271545410e-01,8.847115635871887207e-01,8.788011670112609863e-01,8.788011670112609863e-01,8.788011670112609863e-01,8.854086399078369141e-01,8.803970217704772949e-01,8.796081542968750000e-01,8.792069554328918457e-01,8.790047168731689453e-01,8.789030909538269043e-01,8.788521289825439453e-01,8.788266777992248535e-01,8.788139820098876953e-01,8.788076043128967285e-01,8.788044452667236328e-01,8.803685307502746582e-01,8.777723908424377441e-01,8.976613879203796387e-01,8.915575146675109863e-01,8.873674273490905762e-01,8.835433125495910645e-01,8.788011670112609863e-01,8.788011670112609863e-01,8.788011670112609863e-01,8.837816119194030762e-01,8.805416226387023926e-01,8.796808719635009766e-01,8.792434334754943848e-01,8.790230154991149902e-01,8.789122700691223145e-01,8.788568377494812012e-01,8.788290023803710938e-01,8.788151144981384277e-01,8.788082599639892578e-01,8.752288818359375000e-01,8.758388161659240723e-01,8.778432011604309082e-01,9.073709845542907715e-01,8.669099807739257812e-01,8.811734318733215332e-01,8.808959126472473145e-01,8.788011670112609863e-01,8.788011670112609863e-01,8.788011670112609863e-01,8.875649571418762207e-01,8.811141848564147949e-01,8.799581527709960938e-01,8.793973922729492188e-01,8.791041374206542969e-01,8.789539933204650879e-01,8.788779377937316895e-01,8.788396716117858887e-01,8.788204193115234375e-01,8.788108229637145996e-01,8.771751523017883301e-01,8.755495548248291016e-01,8.784582614898681641e-01,8.251058459281921387e-01,8.122670054435729980e-01,8.662106394767761230e-01,8.728347420692443848e-01
9.749760627746582031e-01,9.749760627746582031e-01,7.232545018196105957e-01,8.702125549316406250e-01,1.000000000000000000e+00,9.916718006134033203e-01,9.800378680229187012e-01,9.779715538024902344e-01,9.765095114707946777e-01,9.757197499275207520e-01,9.753518700599670410e-01,9.751649498939514160e-01,9.750707745552062988e-01,9.750234484672546387e-01,9.749998450279235840e-01,9.749878048896789551e-01,9.667811393737792969e-01,9.723609089851379395e-01,9.737130999565124512e-01,9.743556380271911621e-01,9.749760627746582031e-01,9.749760627746582031e-01,9.383797049522399902e-01,9.747109413146972656e-01,9.495467543601989746e-01,9.718689918518066406e-01,9.806122183799743652e-01,9.787397980690002441e-01,9.769936203956604004e-01,9.759860634803771973e-01,9.754719138145446777e-01,9.752273559570312500e-01,9.751024842262268066e-01,9.750394821166992188e-01,9.750078320503234863e-01,9.749920368194580078e-01,9.688432812690734863e-01,9.723097681999206543e-01,9.736902117729187012e-01,9.743452072143554688e-01,9.749760627746582031e-01,9.749760627746582031e-01,9.663572311401367188e-01,9.701790809631347656e-01,9.537460207939147949e-01,9.745286107063293457e-01,9.642063975334167480e-01,9.709909558296203613e-01,9.732632637023925781e-01,9.742097258567810059e-01,9.746332764625549316e-01,9.748097062110900879e-01,9.748942255973815918e-01,9.749354720115661621e-01,9.749558568000793457e-01,9.749660491943359375e-01,9.854630827903747559e-01,9.676316380500793457e-01,9.760163426399230957e-01,9.755142331123352051e-01,9.749760627746582031e-01,9.749760627746582031e-01,9.749760627746582031e-01,9.757723808288574219e-01,9.665635228157043457e-01,9.760017395019531250e-01,9.758408665657043457e-01,9.754573702812194824e-01,9.752402305603027344e-01,9.751150012016296387e-01,9.750472903251647949e-01,9.750121235847473145e-01,9.749941825866699219e-01,9.749851226806640625e-01,9.749805331230163574e-01,9.757258892059326172e-01,9.566962122917175293e-01,9.571251869201660156e-01,9.689404964447021484e-01,9.720540642738342285e-01,9.749760627746582031e-01,9.749760627746582031e-01,9.749760627746582031e-01,9.715473055839538574e-01,9.739949703216552734e-01,9.744940400123596191e-01,9.747371673583984375e-01,9.748571515083312988e-01,9.749166965484619141e-01,9.749464988708496094e-01,9.749612808227539062e-01,9.749686717987060547e-01,9.749724268913269043e-01,9.749743342399597168e-01,9.745233654975891113e-01,9.729707241058349609e-01,9.386947154998779297e-01,9.617965817451477051e-01,9.691985249519348145e-01,9.721519947052001953e-01,9.749760627746582031e-01,9.749760627746582031e-01,9.749760627746582031e-01,9.748428463935852051e-01,9.735944867134094238e-01,9.742968678474426270e-01,9.746393561363220215e-01,9.748084545135498047e-01,9.748924374580383301e-01,9.749343395233154297e-01,9.749552607536315918e-01,9.749656319618225098e-01,9.749708771705627441e-01,9.740403294563293457e-01,9.748579859733581543e-01,9.749069809913635254e-01,9.305194020271301270e-01,9.598798155784606934e-01,9.718511700630187988e-01,9.732668995857238770e-01,9.749760627746582031e-01,9.749760627746582031e-01,9.749760627746582031e-01,9.658917784690856934e-01,9.729451537132263184e-01,9.740633964538574219e-01,9.745401740074157715e-01,9.747628569602966309e-01,9.748705029487609863e-01,9.749236106872558594e-01,9.749498963356018066e-01,9.749630093574523926e-01,9.749695658683776855e-01,9.748358130455017090e-01,9.739851355552673340e-01,9.749475121498107910e-01,9.766491055488586426e-01,9.651040434837341309e-01,9.768595695495605469e-01,9.761536717414855957e-01
9.646943211555480957e-01,9.646943211555480957e-01,7.129535675048828125e-01,8.343799114227294922e-01,9.916718006134033203e-01,1.000000000000000000e+00,9.717920422554016113e-01,9.688552021980285645e-01,9.668020606040954590e-01,9.656946659088134766e-01,9.651982784271240234e-01,9.649472236633300781e-01,9.648211598396301270e-01,9.647576808929443359e-01,9.647260308265686035e-01,9.647102355957031250e-01,9.537734985351562500e-01,9.609391093254089355e-01,9.628579020500183105e-01,9.637860655784606934e-01,9.646943211555480957e-01,9.646943211555480957e-01,9.241507053375244141e-01,9.629200100898742676e-01,9.320201277732849121e-01,9.540171623229980469e-01,9.734820723533630371e-01,9.701199531555175781e-01,9.675404429435729980e-01,9.660891890525817871e-01,9.653671383857727051e-01,9.650342464447021484e-01,9.648650288581848145e-01,9.647798538208007812e-01,9.647372364997863770e-01,9.647158980369567871e-01,9.555650353431701660e-01,9.605987071990966797e-01,9.626829624176025391e-01,9.636977314949035645e-01,9.646943211555480957e-01,9.646943211555480957e-01,9.625916481018066406e-01,9.730420708656311035e-01,9.724736213684082031e-01,9.682863354682922363e-01,9.476301074028015137e-01,9.576384425163269043e-01,9.615380764007568359e-01,9.632322192192077637e-01,9.640253186225891113e-01,9.643645882606506348e-01,9.645306468009948730e-01,9.646127820014953613e-01,9.646536707878112793e-01,9.646740555763244629e-01,9.836625456809997559e-01,9.544038176536560059e-01,9.658093452453613281e-01,9.652683138847351074e-01,9.646943211555480957e-01,9.646943211555480957e-01,9.646943211555480957e-01,9.658631682395935059e-01,9.591879844665527344e-01,9.666392207145690918e-01,9.660184383392333984e-01,9.654113650321960449e-01,9.650864601135253906e-01,9.648964405059814453e-01,9.647968411445617676e-01,9.647459983825683594e-01,9.647203087806701660e-01,9.647073745727539062e-01,9.647008776664733887e-01,9.654812216758728027e-01,9.383088946342468262e-01,9.478535652160644531e-01,9.578737616539001465e-01,9.614477753639221191e-01,9.646943211555480957e-01,9.646943211555480957e-01,9.646943211555480957e-01,9.615392684936523438e-01,9.637156128883361816e-01,9.642130732536315918e-01,9.644557833671569824e-01,9.645755887031555176e-01,9.646350741386413574e-01,9.646646976470947266e-01,9.646795392036437988e-01,9.646870493888854980e-01,9.646906256675720215e-01,9.646924138069152832e-01,9.641361236572265625e-01,9.626714587211608887e-01,9.172008633613586426e-01,9.538200497627258301e-01,9.580147266387939453e-01,9.614874720573425293e-01,9.646943211555480957e-01,9.646943211555480957e-01,9.646943211555480957e-01,9.626392722129821777e-01,9.628465771675109863e-01,9.637812972068786621e-01,9.642404913902282715e-01,9.644680619239807129e-01,9.645814299583435059e-01,9.646378159523010254e-01,9.646661877632141113e-01,9.646801948547363281e-01,9.646872878074645996e-01,9.642503857612609863e-01,9.651298522949218750e-01,9.646568298339843750e-01,9.037947654724121094e-01,9.616577029228210449e-01,9.628810286521911621e-01,9.636974930763244629e-01,9.646943211555480957e-01,9.646943211555480957e-01,9.646943211555480957e-01,9.534019827842712402e-01,9.614982604980468750e-01,9.631655216217041016e-01,9.639450907707214355e-01,9.643227458000183105e-01,9.645091891288757324e-01,9.646020531654357910e-01,9.646481871604919434e-01,9.646713137626647949e-01,9.646828770637512207e-01,9.648458361625671387e-01,9.649627804756164551e-01,9.647154808044433594e-01,9.812421798706054688e-01,9.822884202003479004e-01,9.707415699958801270e-01,9.679086804389953613e-01
9.986736178398132324e-01,9.986736178398132324e-01,7.023289799690246582e-01,8.754322528839111328e-01,9.800378680229187012e-01,9.717920422554016113e-01,1.000000000000000000e+00,9.995980858802795410e-01,9.992029666900634766e-01,9.989444613456726074e-01,9.988142848014831543e-01,9.987452030181884766e-01,9.987097382545471191e-01,9.986917376518249512e-01,9.986827373504638672e-01,9.986782073974609375e-01,9.953170418739318848e-01,9.978119730949401855e-01,9.982940554618835449e-01,9.984967112541198730e-01,9.986736178398132324e-01,9.986736178398132324e-01,9.756951332092285156e-01,9.976896643638610840e-01,9.855251908302307129e-01,9.801411628723144531e-01,9.980495572090148926e-01,9.991362094879150391e-01,9.990608692169189453e-01,9.988956451416015625e-01,9.987894892692565918e-01,9.987349510192871094e-01,9.987052083015441895e-01,9.986896514892578125e-01,9.986817240715026855e-01,9.986776709556579590e-01,9.961608052253723145e-01,9.977443218231201172e-01,9.982659220695495605e-01,9.984844326972961426e-01,9.986736178398132324e-01,9.986736178398132324e-01,9.948056340217590332e-01,9.886166453361511230e-01,9.210596084594726562e-01,9.668787121772766113e-01,9.913124442100524902e-01,9.964213371276855469e-01,9.979467391967773438e-01,9.984180331230163574e-01,9.985804557800292969e-01,9.986329078674316406e-01,9.986548423767089844e-01,9.986645579338073730e-01,9.986692070960998535e-01,9.986714720726013184e-01,9.889134764671325684e-01,9.945099949836730957e-01,9.988462328910827637e-01,9.987804293632507324e-01,9.986736178398132324e-01,9.986736178398132324e-01,9.986736178398132324e-01,9.992669224739074707e-01,9.943477511405944824e-01,9.977407455444335938e-01,9.987151026725769043e-01,9.988133311271667480e-01,9.987775683403015137e-01,9.987336993217468262e-01,9.987056851387023926e-01,9.986901879310607910e-01,9.986820220947265625e-01,9.986779093742370605e-01,9.986758232116699219e-01,9.986793994903564453e-01,9.867258071899414062e-01,9.862067103385925293e-01,9.963369369506835938e-01,9.977616667747497559e-01,9.986736178398132324e-01,9.986736178398132324e-01,9.986736178398132324e-01,9.963197112083435059e-01,9.983416199684143066e-01,9.985179305076599121e-01,9.985983371734619141e-01,9.986366629600524902e-01,9.986553192138671875e-01,9.986645579338073730e-01,9.986689686775207520e-01,9.986714720726013184e-01,9.986724853515625000e-01,9.986731410026550293e-01,9.984693527221679688e-01,9.983251094818115234e-01,9.771697521209716797e-01,9.880332350730895996e-01,9.963924288749694824e-01,9.977541565895080566e-01,9.986736178398132324e-01,9.986736178398132324e-01,9.986736178398132324e-01,9.970462322235107422e-01,9.983124732971191406e-01,9.985061287879943848e-01,9.985932707786560059e-01,9.986341595649719238e-01,9.986541867256164551e-01,9.986639618873596191e-01,9.986688494682312012e-01,9.986712336540222168e-01,9.986724853515625000e-01,9.984316229820251465e-01,9.987000823020935059e-01,9.987184405326843262e-01,9.692997336387634277e-01,9.695785641670227051e-01,9.955126643180847168e-01,9.973313212394714355e-01,9.986736178398132324e-01,9.986736178398132324e-01,9.986736178398132324e-01,9.928896427154541016e-01,9.975259900093078613e-01,9.981909394264221191e-01,9.984553456306457520e-01,9.985701441764831543e-01,9.986231923103332520e-01,9.986488819122314453e-01,9.986613392829895020e-01,9.986674785614013672e-01,9.986705780029296875e-01,9.987449645996093750e-01,9.987926483154296875e-01,9.987017512321472168e-01,9.826069474220275879e-01,9.530310034751892090e-01,9.984493255615234375e-01,9.988296031951904297e-01
9.997118115425109863e-01,9.997118115425109863e-01,7.032834887504577637e-01,8.773970603942871094e-01,9.779715538024902344e-01,9.688552021980285645e-01,9.995980858802795410e-01,1.000000000000000000e+00,9.999275803565979004e-01,9.998335838317871094e-01,9.997779726982116699e-01,9.997463226318359375e-01,9.997294545173645020e-01,9.997205734252929688e-01,9.997162818908691406e-01,9.997140765190124512e-01,9.972502589225769043e-01,9.991738200187683105e-01,9.994952082633972168e-01,9.996166825294494629e-01,9.997118115425109863e-01,9.997118115425109863e-01,9.771967530250549316e-01,9.971718788146972656e-01,9.879775047302246094e-01,9.795430302619934082e-01,9.977777600288391113e-01,9.995959401130676270e-01,9.998119473457336426e-01,9.997976422309875488e-01,9.997633099555969238e-01,9.997410774230957031e-01,9.997272491455078125e-01,9.997196793556213379e-01,9.997158646583557129e-01,9.997138977050781250e-01,9.979042410850524902e-01,9.991211891174316406e-01,9.994756579399108887e-01,9.996091723442077637e-01,9.997118115425109863e-01,9.997118115425109863e-01,9.951116442680358887e-01,9.886469244956970215e-01,9.149263501167297363e-01,9.655469059944152832e-01,9.928452372550964355e-01,9.977221488952636719e-01,9.991229176521301270e-01,9.995234608650207520e-01,9.996483922004699707e-01,9.996862411499023438e-01,9.997006058692932129e-01,9.997065663337707520e-01,9.997093081474304199e-01,9.997106194496154785e-01,9.869689941406250000e-01,9.967484474182128906e-01,9.997550845146179199e-01,9.997541308403015137e-01,9.997118115425109863e-01,9.997118115425109863e-01,9.997118115425109863e-01,9.994992613792419434e-01,9.950008392333984375e-01,9.981868863105773926e-01,9.994683265686035156e-01,9.997148513793945312e-01,9.997472167015075684e-01,9.997377991676330566e-01,9.997269511222839355e-01,9.997199177742004395e-01,9.997161030769348145e-01,9.997139573097229004e-01,9.997128844261169434e-01,9.996868968009948730e-01,9.898084998130798340e-01,9.879611134529113770e-01,9.979807734489440918e-01,9.991132616996765137e-01,9.997118115425109863e-01,9.997118115425109863e-01,9.997118115425109863e-01,9.981172680854797363e-01,9.995484948158264160e-01,9.996406435966491699e-01,9.996789097785949707e-01,9.996960759162902832e-01,9.997039437294006348e-01,9.997079968452453613e-01,9.997099041938781738e-01,9.997109770774841309e-01,9.997113347053527832e-01,9.997115731239318848e-01,9.995445609092712402e-01,9.994154572486877441e-01,9.810654520988464355e-01,9.897152781486511230e-01,9.980959296226501465e-01,9.991348385810852051e-01,9.997118115425109863e-01,9.997118115425109863e-01,9.997118115425109863e-01,9.985219836235046387e-01,9.995093941688537598e-01,9.996238350868225098e-01,9.996712803840637207e-01,9.996922612190246582e-01,9.997023940086364746e-01,9.997072219848632812e-01,9.997095465660095215e-01,9.997107386589050293e-01,9.997112751007080078e-01,9.995357394218444824e-01,9.996861815452575684e-01,9.997232556343078613e-01,9.735908508300781250e-01,9.703379273414611816e-01,9.973644614219665527e-01,9.988570213317871094e-01,9.997118115425109863e-01,9.997118115425109863e-01,9.997118115425109863e-01,9.947758316993713379e-01,9.989503026008605957e-01,9.994229674339294434e-01,9.995911717414855957e-01,9.996573925018310547e-01,9.996861815452575684e-01,9.996993541717529297e-01,9.997056126594543457e-01,9.997088313102722168e-01,9.997103214263916016e-01,9.997194409370422363e-01,9.996529221534729004e-01,9.997243285179138184e-01,9.796815514564514160e-01,9.495935440063476562e-01,9.991329312324523926e-01,9.996958374977111816e-01
9.999251365661621094e-01,9.999251365661621094e-01,7.024591565132141113e-01,8.781545162200927734e-01,9.765095114707946777e-01,9.668020606040954590e-01,9.992029666900634766e-01,9.999275803565979004e-01,1.000000000000000000e+00,9.999806284904479980e-01,9.999582171440124512e-01,9.999429583549499512e-01,9.999344348907470703e-01,9.999298453330993652e-01,9.999275207519531250e-01,9.999262690544128418e-01,9.978931546211242676e-01,9.995460510253906250e-01,9.997883439064025879e-01,9.998700618743896484e-01,9.999251365661621094e-01,9.999251365661621094e-01,9.779738783836364746e-01,9.969272613525390625e-01,9.890205264091491699e-01,9.793686866760253906e-01,9.974434375762939453e-01,9.995511174201965332e-01,9.998970627784729004e-01,9.999507069587707520e-01,9.999486804008483887e-01,9.999403357505798340e-01,9.999336600303649902e-01,9.999296069145202637e-01,9.999273419380187988e-01,9.999263286590576172e-01,9.984908103942871094e-01,9.995133876800537109e-01,9.997795224189758301e-01,9.998680949211120605e-01,9.999251365661621094e-01,9.999251365661621094e-01,9.949347972869873047e-01,9.880968928337097168e-01,9.113871455192565918e-01,9.644499421119689941e-01,9.934586882591247559e-01,9.981377720832824707e-01,9.994378685951232910e-01,9.997861981391906738e-01,9.998844265937805176e-01,9.999108910560607910e-01,9.999194741249084473e-01,9.999227523803710938e-01,9.999240040779113770e-01,9.999244809150695801e-01,9.856392741203308105e-01,9.975020885467529297e-01,9.999044537544250488e-01,9.999356269836425781e-01,9.999251365661621094e-01,9.999251365661621094e-01,9.999251365661621094e-01,9.994242787361145020e-01,9.950726032257080078e-01,9.981560707092285156e-01,9.995613098144531250e-01,9.998689293861389160e-01,9.999307990074157715e-01,9.999362826347351074e-01,9.999327659606933594e-01,9.999294281005859375e-01,9.999273419380187988e-01,9.999263286590576172e-01,9.999257922172546387e-01,9.998836517333984375e-01,9.910609722137451172e-01,9.883940815925598145e-01,9.984467625617980957e-01,9.994542002677917480e-01,9.999251365661621094e-01,9.999251365661621094e-01,9.999251365661621094e-01,9.985850453376770020e-01,9.998224377632141113e-01,9.998844265937805176e-01,9.999073147773742676e-01,9.999170303344726562e-01,9.999211430549621582e-01,9.999232292175292969e-01,9.999242424964904785e-01,9.999246001243591309e-01,9.999249577522277832e-01,9.999249577522277832e-01,9.997802376747131348e-01,9.996685385704040527e-01,9.827321171760559082e-01,9.900753498077392578e-01,9.985895752906799316e-01,9.994894862174987793e-01,9.999251365661621094e-01,9.999251365661621094e-01,9.999251365661621094e-01,9.989164471626281738e-01,9.998031258583068848e-01,9.998774528503417969e-01,9.999046921730041504e-01,9.999157786369323730e-01,9.999206662178039551e-01,9.999229311943054199e-01,9.999241232872009277e-01,9.999244809150695801e-01,9.999248385429382324e-01,9.997667670249938965e-01,9.998716711997985840e-01,9.999235272407531738e-01,9.755547046661376953e-01,9.699998497962951660e-01,9.978146553039550781e-01,9.992169737815856934e-01,9.999251365661621094e-01,9.999251365661621094e-01,9.999251365661621094e-01,9.953808188438415527e-01,9.993427395820617676e-01,9.997267723083496094e-01,9.998500943183898926e-01,9.998936653137207031e-01,9.999110102653503418e-01,9.999184608459472656e-01,9.999217987060546875e-01,9.999235272407531738e-01,9.999243617057800293e-01,9.999012947082519531e-01,9.997720718383789062e-01,9.999306201934814453e-01,9.779467582702636719e-01,9.471762776374816895e-01,9.990863204002380371e-01,9.997820854187011719e-01
9.999787807464599609e-01,9.999787807464599609e-01,7.019776701927185059e-01,8.784890770912170410e-01,9.757197499275207520e-01,9.656946659088134766e-01,9.989444613456726074e-01,9.998335838317871094e-01,9.999806284904479980e-01,1.000000000000000000e+00,9.999946951866149902e-01,9.999880790710449219e-01,9.999837875366210938e-01,9.999812245368957520e-01,9.999800324440002441e-01,9.999793171882629395e-01,9.981756210327148438e-01,9.996846318244934082e-01,9.998847842216491699e-01,9.999449849128723145e-01,9.999787807464599609e-01,9.999787807464599609e-01,9.783339500427246094e-01,9.967542290687561035e-01,9.895012974739074707e-01,9.792682528495788574e-01,9.972222447395324707e-01,9.994744658470153809e-01,9.998860359191894531e-01,9.999740719795227051e-01,9.999882578849792480e-01,9.999869465827941895e-01,9.999836087226867676e-01,9.999813437461853027e-01,9.999801516532897949e-01,9.999794363975524902e-01,9.987416267395019531e-01,9.996613860130310059e-01,9.998809695243835449e-01,9.999456405639648438e-01,9.999787807464599609e-01,9.999787807464599609e-01,9.947834014892578125e-01,9.877443909645080566e-01,9.095170497894287109e-01,9.638402462005615234e-01,9.937348961830139160e-01,9.983036518096923828e-01,9.995473027229309082e-01,9.998667836189270020e-01,9.999503493309020996e-01,9.999706149101257324e-01,9.999762177467346191e-01,9.999777674674987793e-01,9.999783635139465332e-01,9.999786019325256348e-01,9.848862290382385254e-01,9.978451728820800781e-01,9.999256134033203125e-01,9.999730587005615234e-01,9.999787807464599609e-01,9.999787807464599609e-01,9.999787807464599609e-01,9.993314743041992188e-01,9.950556755065917969e-01,9.980911612510681152e-01,9.995554089546203613e-01,9.998929500579833984e-01,9.999692440032958984e-01,9.999823570251464844e-01,9.999827742576599121e-01,9.999811053276062012e-01,9.999800324440002441e-01,9.999794363975524902e-01,9.999790191650390625e-01,9.999304413795471191e-01,9.916684031486511230e-01,9.885585904121398926e-01,9.986322522163391113e-01,9.995737671852111816e-01,9.999787807464599609e-01,9.999787807464599609e-01,9.999787807464599609e-01,9.987685084342956543e-01,9.999068379402160645e-01,9.999534487724304199e-01,9.999687671661376953e-01,9.999744296073913574e-01,9.999766349792480469e-01,9.999777674674987793e-01,9.999783039093017578e-01,9.999786019325256348e-01,9.999784827232360840e-01,9.999787211418151855e-01,9.998466968536376953e-01,9.997432827949523926e-01,9.835550785064697266e-01,9.902014136314392090e-01,9.987900257110595703e-01,9.996166229248046875e-01,9.999787807464599609e-01,9.999787807464599609e-01,9.999787807464599609e-01,9.990682601928710938e-01,9.998987317085266113e-01,9.999521374702453613e-01,9.999688267707824707e-01,9.999745488166809082e-01,9.999769330024719238e-01,9.999777674674987793e-01,9.999783039093017578e-01,9.999785423278808594e-01,9.999787211418151855e-01,9.998295307159423828e-01,9.999114871025085449e-01,9.999708533287048340e-01,9.765331149101257324e-01,9.697585105895996094e-01,9.979915022850036621e-01,9.993460774421691895e-01,9.999787807464599609e-01,9.999787807464599609e-01,9.999787807464599609e-01,9.956524968147277832e-01,9.994952678680419922e-01,9.998306632041931152e-01,9.999291896820068359e-01,9.999599456787109375e-01,9.999709725379943848e-01,9.999752044677734375e-01,9.999770522117614746e-01,9.999778866767883301e-01,9.999783635139465332e-01,9.999383091926574707e-01,9.997757077217102051e-01,9.999806284904479980e-01,9.769868850708007812e-01,9.458538889884948730e-01,9.990023970603942871e-01,9.997684955596923828e-01
9.999946951866149902e-01,9.999946951866149902e-01,7.018060684204101562e-01,8.786482810974121094e-01,9.753518700599670410e-01,9.651982784271240234e-01,9.988142848014831543e-01,9.997779726982116699e-01,9.999582171440124512e-01,9.999946951866149902e-01,1.000000000000000000e+00,9.999987483024597168e-01,9.999969601631164551e-01,9.999958872795104980e-01,9.999954104423522949e-01,9.999949932098388672e-01,9.983013272285461426e-01,9.997407793998718262e-01,9.999208450317382812e-01,9.999710917472839355e-01,9.999946951866149902e-01,9.999946951866149902e-01,9.784488081932067871e-01,9.966502189636230469e-01,9.896675944328308105e-01,9.791817069053649902e-01,9.970985054969787598e-01,9.994217753410339355e-01,9.998647570610046387e-01,9.999691843986511230e-01,9.999926686286926270e-01,9.999969601631164551e-01,9.999966621398925781e-01,9.999958872795104980e-01,9.999954104423522949e-01,9.999950528144836426e-01,9.988315105438232422e-01,9.997098445892333984e-01,9.999133944511413574e-01,9.999699592590332031e-01,9.999946951866149902e-01,9.999946951866149902e-01,9.947257041931152344e-01,9.875812530517578125e-01,9.087244868278503418e-01,9.636551737785339355e-01,9.938243031501770020e-01,9.983522295951843262e-01,9.995765089988708496e-01,9.998877048492431641e-01,9.999682307243347168e-01,9.999876022338867188e-01,9.999926090240478516e-01,9.999940991401672363e-01,9.999944567680358887e-01,9.999946951866149902e-01,9.845710396766662598e-01,9.979858994483947754e-01,9.999263882637023926e-01,9.999814033508300781e-01,9.999946951866149902e-01,9.999946951866149902e-01,9.999946951866149902e-01,9.992783665657043457e-01,9.950314164161682129e-01,9.980476498603820801e-01,9.995388388633728027e-01,9.998898506164550781e-01,9.999731183052062988e-01,9.999921917915344238e-01,9.999955296516418457e-01,9.999957084655761719e-01,9.999952316284179688e-01,9.999950528144836426e-01,9.999947547912597656e-01,9.999430775642395020e-01,9.919066429138183594e-01,9.886074662208557129e-01,9.987004399299621582e-01,9.996163249015808105e-01,9.999946951866149902e-01,9.999946951866149902e-01,9.999946951866149902e-01,9.988658428192138672e-01,9.999372959136962891e-01,9.999766945838928223e-01,9.999883770942687988e-01,9.999920725822448730e-01,9.999935626983642578e-01,9.999940395355224609e-01,9.999944567680358887e-01,9.999945759773254395e-01,9.999946951866149902e-01,9.999945759773254395e-01,9.998658299446105957e-01,9.997553825378417969e-01,9.838568568229675293e-01,9.902770519256591797e-01,9.988767504692077637e-01,9.996683001518249512e-01,9.999946951866149902e-01,9.999946951866149902e-01,9.999946951866149902e-01,9.991241097450256348e-01,9.999277591705322266e-01,9.999746680259704590e-01,9.999880790710449219e-01,9.999921917915344238e-01,9.999936223030090332e-01,9.999942779541015625e-01,9.999944567680358887e-01,9.999945759773254395e-01,9.999945759773254395e-01,9.998506903648376465e-01,9.999119639396667480e-01,9.999816417694091797e-01,9.769146442413330078e-01,9.696612358093261719e-01,9.980743527412414551e-01,9.994019865989685059e-01,9.999946951866149902e-01,9.999946951866149902e-01,9.999946951866149902e-01,9.957892894744873047e-01,9.995593428611755371e-01,9.998710155487060547e-01,9.999573826789855957e-01,9.999821782112121582e-01,9.999899864196777344e-01,9.999927878379821777e-01,9.999938011169433594e-01,9.999942183494567871e-01,9.999944567680358887e-01,9.999430775642395020e-01,9.997625350952148438e-01,9.999939799308776855e-01,9.765953421592712402e-01,9.453272819519042969e-01,9.989691376686096191e-01,9.997603893280029297e-01
