1.000000000000000000e+00,1.000000000000000000e+00,9.357413649559020996e-01,9.337453246116638184e-01,9.774735569953918457e-01,9.915893673896789551e-01,9.922276139259338379e-01,9.975509643554687500e-01,9.993734359741210938e-01,9.998350143432617188e-01,9.999580979347229004e-01,9.999895095825195312e-01,9.999973773956298828e-01,9.999992847442626953e-01,9.999998211860656738e-01,1.000000000000000000e+00,1.000000000000000000e+00,1.000000000000000000e+00,1.000000000000000000e+00,1.000000000000000000e+00,1.000000000000000000e+00,1.000000000000000000e+00,1.000000000000000000e+00,9.853827357292175293e-01,9.809389710426330566e-01,9.614598751068115234e-01,9.846609234809875488e-01,9.960250854492187500e-01,9.989495277404785156e-01,9.997627735137939453e-01,9.999425411224365234e-01,9.999856352806091309e-01,9.999963641166687012e-01,9.999990463256835938e-01,9.999997615814208984e-01,9.999999403953552246e-01,1.000000000000000000e+00,1.000000000000000000e+00,1.000000000000000000e+00,1.000000000000000000e+00,1.000000000000000000e+00,1.000000000000000000e+00,1.000000000000000000e+00,9.895943999290466309e-01,9.811691641807556152e-01,9.749370217323303223e-01,9.616894721984863281e-01,9.884583353996276855e-01,9.969261288642883301e-01,9.992277026176452637e-01,9.998074173927307129e-01,9.999516010284423828e-01,9.999878406524658203e-01,9.999969005584716797e-01,9.999992251396179199e-01,9.999998211860656738e-01,1.000000000000000000e+00,9.997193217277526855e-01,9.999291300773620605e-01,9.999821782112121582e-01,1.000000000000000000e+00,1.000000000000000000e+00,1.000000000000000000e+00,9.954931139945983887e-01,9.902448654174804688e-01,9.861952662467956543e-01,9.958634972572326660e-01,9.989526867866516113e-01,9.997346997261047363e-01,9.999310374259948730e-01,9.999826550483703613e-01,9.999957084655761719e-01,9.999988675117492676e-01,9.999997019767761230e-01,1.000000000000000000e+00,1.000000000000000000e+00,9.997119307518005371e-01,9.938619732856750488e-01,9.983465671539306641e-01,9.995610713958740234e-01,1.000000000000000000e+00,1.000000000000000000e+00,1.000000000000000000e+00,1.000000000000000000e+00,1.000000000000000000e+00,1.000000000000000000e+00,1.000000000000000000e+00,1.000000000000000000e+00,1.000000000000000000e+00,1.000000000000000000e+00,1.000000000000000000e+00,1.000000000000000000e+00,1.000000000000000000e+00,1.000000000000000000e+00,1.000000000000000000e+00,9.997718930244445801e-01,9.996790289878845215e-01,9.801616072654724121e-01,9.937054514884948730e-01,9.981960654258728027e-01,1.000000000000000000e+00,1.000000000000000000e+00,1.000000000000000000e+00,1.000000000000000000e+00,1.000000000000000000e+00,1.000000000000000000e+00,1.000000000000000000e+00,1.000000000000000000e+00,1.000000000000000000e+00,1.000000000000000000e+00,1.000000000000000000e+00,1.000000000000000000e+00,1.000000000000000000e+00,1.000000000000000000e+00,9.994413256645202637e-01,9.997887611389160156e-01,9.995020031929016113e-01,9.740715622901916504e-01,9.916604161262512207e-01,9.975200295448303223e-01,1.000000000000000000e+00,1.000000000000000000e+00,1.000000000000000000e+00,1.000000000000000000e+00,1.000000000000000000e+00,1.000000000000000000e+00,1.000000000000000000e+00,1.000000000000000000e+00,1.000000000000000000e+00,1.000000000000000000e+00,1.000000000000000000e+00,1.000000000000000000e+00,1.000000000000000000e+00,9.999364018440246582e-01,9.994563460350036621e-01,9.998705983161926270e-01,9.998632073402404785e-01,9.790070056915283203e-01,9.931674003601074219e-01,9.979722499847412109e-01
1.000000000000000000e+00,1.000000000000000000e+00,9.357413649559020996e-01,9.337453246116638184e-01,9.774735569953918457e-01,9.915893673896789551e-01,9.922276139259338379e-01,9.975509643554687500e-01,9.993734359741210938e-01,9.998350143432617188e-01,9.999580979347229004e-01,9.999895095825195312e-01,9.999973773956298828e-01,9.999992847442626953e-01,9.999998211860656738e-01,1.000000000000000000e+00,1.000000000000000000e+00,1.000000000000000000e+00,1.000000000000000000e+00,1.000000000000000000e+00,1.000000000000000000e+00,1.000000000000000000e+00,1.000000000000000000e+00,9.853827357292175293e-01,9.809389710426330566e-01,9.614598751068115234e-01,9.846609234809875488e-01,9.960250854492187500e-01,9.989495277404785156e-01,9.997627735137939453e-01,9.999425411224365234e-01,9.999856352806091309e-01,9.999963641166687012e-01,9.999990463256835938e-01,9.999997615814208984e-01,9.999999403953552246e-01,1.000000000000000000e+00,1.000000000000000000e+00,1.000000000000000000e+00,1.000000000000000000e+00,1.000000000000000000e+00,1.000000000000000000e+00,1.000000000000000000e+00,9.895943999290466309e-01,9.811691641807556152e-01,9.749370217323303223e-01,9.616894721984863281e-01,9.884583353996276855e-01,9.969261288642883301e-01,9.992277026176452637e-01,9.998074173927307129e-01,9.999516010284423828e-01,9.999878406524658203e-01,9.999969005584716797e-01,9.999992251396179199e-01,9.999998211860656738e-01,1.000000000000000000e+00,9.997193217277526855e-01,9.999291300773620605e-01,9.999821782112121582e-01,1.000000000000000000e+00,1.000000000000000000e+00,1.000000000000000000e+00,9.954931139945983887e-01,9.902448654174804688e-01,9.861952662467956543e-01,9.958634972572326660e-01,9.989526867866516113e-01,9.997346997261047363e-01,9.999310374259948730e-01,9.999826550483703613e-01,9.999957084655761719e-01,9.999988675117492676e-01,9.999997019767761230e-01,1.000000000000000000e+00,1.000000000000000000e+00,9.997119307518005371e-01,9.938619732856750488e-01,9.983465671539306641e-01,9.995610713958740234e-01,1.000000000000000000e+00,1.000000000000000000e+00,1.000000000000000000e+00,1.000000000000000000e+00,1.000000000000000000e+00,1.000000000000000000e+00,1.000000000000000000e+00,1.000000000000000000e+00,1.000000000000000000e+00,1.000000000000000000e+00,1.000000000000000000e+00,1.000000000000000000e+00,1.000000000000000000e+00,1.000000000000000000e+00,1.000000000000000000e+00,9.997718930244445801e-01,9.996790289878845215e-01,9.801616072654724121e-01,9.937054514884948730e-01,9.981960654258728027e-01,1.000000000000000000e+00,1.000000000000000000e+00,1.000000000000000000e+00,1.000000000000000000e+00,1.000000000000000000e+00,1.000000000000000000e+00,1.000000000000000000e+00,1.000000000000000000e+00,1.000000000000000000e+00,1.000000000000000000e+00,1.000000000000000000e+00,1.000000000000000000e+00,1.000000000000000000e+00,1.000000000000000000e+00,9.994413256645202637e-01,9.997887611389160156e-01,9.995020031929016113e-01,9.740715622901916504e-01,9.916604161262512207e-01,9.975200295448303223e-01,1.000000000000000000e+00,1.000000000000000000e+00,1.000000000000000000e+00,1.000000000000000000e+00,1.000000000000000000e+00,1.000000000000000000e+00,1.000000000000000000e+00,1.000000000000000000e+00,1.000000000000000000e+00,1.000000000000000000e+00,1.000000000000000000e+00,1.000000000000000000e+00,1.000000000000000000e+00,9.999364018440246582e-01,9.994563460350036621e-01,9.998705983161926270e-01,9.998632073402404785e-01,9.790070056915283203e-01,9.931674003601074219e-01,9.979722499847412109e-01
9.357413649559020996e-01,9.357413649559020996e-01,1.000000000000000000e+00,9.666350483894348145e-01,9.576295018196105957e-01,9.388081431388854980e-01,9.415944218635559082e-01,9.405433535575866699e-01,9.389392733573913574e-01,9.378415942192077637e-01,9.368492960929870605e-01,9.363061785697937012e-01,9.360263943672180176e-01,9.358844757080078125e-01,9.358131289482116699e-01,9.357771873474121094e-01,9.357593059539794922e-01,9.357503056526184082e-01,9.357457160949707031e-01,9.357435107231140137e-01,9.357413649559020996e-01,9.357413649559020996e-01,9.357413649559020996e-01,9.025948047637939453e-01,9.113519787788391113e-01,8.694677948951721191e-01,9.033508300781250000e-01,9.207019805908203125e-01,9.285268187522888184e-01,9.325888156890869141e-01,9.343479275703430176e-01,9.350540041923522949e-01,9.354000091552734375e-01,9.355713725090026855e-01,9.356563687324523926e-01,9.356989264488220215e-01,9.357201457023620605e-01,9.357307553291320801e-01,9.357359409332275391e-01,9.357387423515319824e-01,9.357413649559020996e-01,9.357413649559020996e-01,9.357413649559020996e-01,9.133369326591491699e-01,9.036898612976074219e-01,9.034153819084167480e-01,9.277550578117370605e-01,9.371549487113952637e-01,9.384203553199768066e-01,9.378911852836608887e-01,9.371002316474914551e-01,9.364514946937561035e-01,9.361042380332946777e-01,9.359245896339416504e-01,9.358334541320800781e-01,9.357874989509582520e-01,9.357643723487854004e-01,9.291848540306091309e-01,9.325084686279296875e-01,9.341366887092590332e-01,9.357413649559020996e-01,9.357413649559020996e-01,9.357413649559020996e-01,9.336099028587341309e-01,9.430599212646484375e-01,9.407774806022644043e-01,9.433212876319885254e-01,9.407367706298828125e-01,9.388045668601989746e-01,9.376398921012878418e-01,9.367043375968933105e-01,9.362263679504394531e-01,9.359846711158752441e-01,9.358631968498229980e-01,9.358022212982177734e-01,9.357717633247375488e-01,9.334655404090881348e-01,9.023585319519042969e-01,9.190999865531921387e-01,9.275112748146057129e-01,9.357413649559020996e-01,9.357413649559020996e-01,9.357413649559020996e-01,9.357413649559020996e-01,9.357413649559020996e-01,9.357413649559020996e-01,9.357413649559020996e-01,9.357413649559020996e-01,9.357413649559020996e-01,9.357413649559020996e-01,9.357413649559020996e-01,9.357413649559020996e-01,9.357413649559020996e-01,9.357413649559020996e-01,9.357413649559020996e-01,9.329860210418701172e-01,9.294224381446838379e-01,8.655603528022766113e-01,8.987591862678527832e-01,9.173360466957092285e-01,9.357413649559020996e-01,9.357413649559020996e-01,9.357413649559020996e-01,9.357413649559020996e-01,9.357413649559020996e-01,9.357413649559020996e-01,9.357413649559020996e-01,9.357413649559020996e-01,9.357413649559020996e-01,9.357413649559020996e-01,9.357413649559020996e-01,9.357413649559020996e-01,9.357413649559020996e-01,9.357413649559020996e-01,9.342420697212219238e-01,9.352695345878601074e-01,9.331542849540710449e-01,8.459302783012390137e-01,8.892272114753723145e-01,9.122042059898376465e-01,9.357413649559020996e-01,9.357413649559020996e-01,9.357413649559020996e-01,9.357413649559020996e-01,9.357413649559020996e-01,9.357413649559020996e-01,9.357413649559020996e-01,9.357413649559020996e-01,9.357413649559020996e-01,9.357413649559020996e-01,9.357413649559020996e-01,9.357413649559020996e-01,9.357413649559020996e-01,9.375991225242614746e-01,9.314396977424621582e-01,9.342224001884460449e-01,9.327790141105651855e-01,8.562617301940917969e-01,8.940673470497131348e-01,9.146327972412109375e-01
9.337453246116638184e-01,9.337453246116638184e-01,9.666350483894348145e-01,1.000000000000000000e+00,9.802811741828918457e-01,9.537270069122314453e-01,9.534671902656555176e-01,9.456024169921875000e-01,9.403531551361083984e-01,9.374616742134094238e-01,9.356455802917480469e-01,9.347047805786132812e-01,9.342274069786071777e-01,9.339869618415832520e-01,9.338663220405578613e-01,9.338058829307556152e-01,9.337756037712097168e-01,9.337604641914367676e-01,9.337528347969055176e-01,9.337491393089294434e-01,9.337453246116638184e-01,9.337453246116638184e-01,9.337453246116638184e-01,9.130185246467590332e-01,9.171717762947082520e-01,8.934617042541503906e-01,9.195683598518371582e-01,9.286339879035949707e-01,9.317644238471984863e-01,9.329635500907897949e-01,9.335147738456726074e-01,9.336401820182800293e-01,9.336953163146972656e-01,9.337208867073059082e-01,9.337332844734191895e-01,9.337393641471862793e-01,9.337423443794250488e-01,9.337437748908996582e-01,9.337446093559265137e-01,9.337449073791503906e-01,9.337453246116638184e-01,9.337453246116638184e-01,9.337453246116638184e-01,9.065275192260742188e-01,9.014310836791992188e-01,9.197314381599426270e-01,9.461293816566467285e-01,9.492559432983398438e-01,9.441158175468444824e-01,9.395832419395446777e-01,9.368299841880798340e-01,9.353236556053161621e-01,9.345434308052062988e-01,9.341465830802917480e-01,9.339464306831359863e-01,9.338459968566894531e-01,9.337956905364990234e-01,9.293116927146911621e-01,9.315733909606933594e-01,9.326710700988769531e-01,9.337453246116638184e-01,9.337453246116638184e-01,9.337453246116638184e-01,9.262331128120422363e-01,9.319589734077453613e-01,9.480132460594177246e-01,9.454188942909240723e-01,9.408957362174987793e-01,9.378130435943603516e-01,9.360842108726501465e-01,9.349271655082702637e-01,9.343393445014953613e-01,9.340431094169616699e-01,9.338943958282470703e-01,9.338199496269226074e-01,9.337825775146484375e-01,9.333944916725158691e-01,9.085223078727722168e-01,9.219304919242858887e-01,9.280777573585510254e-01,9.337453246116638184e-01,9.337453246116638184e-01,9.337453246116638184e-01,9.337453246116638184e-01,9.337453246116638184e-01,9.337453246116638184e-01,9.337453246116638184e-01,9.337453246116638184e-01,9.337453246116638184e-01,9.337453246116638184e-01,9.337453246116638184e-01,9.337453246116638184e-01,9.337453246116638184e-01,9.337453246116638184e-01,9.337453246116638184e-01,9.327514171600341797e-01,9.292026162147521973e-01,8.825432658195495605e-01,9.074056744575500488e-01,9.210937023162841797e-01,9.337453246116638184e-01,9.337453246116638184e-01,9.337453246116638184e-01,9.337453246116638184e-01,9.337453246116638184e-01,9.337453246116638184e-01,9.337453246116638184e-01,9.337453246116638184e-01,9.337453246116638184e-01,9.337453246116638184e-01,9.337453246116638184e-01,9.337453246116638184e-01,9.337453246116638184e-01,9.337453246116638184e-01,9.353950619697570801e-01,9.345830082893371582e-01,9.309057593345642090e-01,8.672634959220886230e-01,9.002915024757385254e-01,9.171646237373352051e-01,9.337453246116638184e-01,9.337453246116638184e-01,9.337453246116638184e-01,9.337453246116638184e-01,9.337453246116638184e-01,9.337453246116638184e-01,9.337453246116638184e-01,9.337453246116638184e-01,9.337453246116638184e-01,9.337453246116638184e-01,9.337453246116638184e-01,9.337453246116638184e-01,9.337453246116638184e-01,9.349663257598876953e-01,9.355809092521667480e-01,9.343855381011962891e-01,9.329349398612976074e-01,8.756758570671081543e-01,9.039674401283264160e-01,9.190149903297424316e-01
9.774735569953918457e-01,9.774735569953918457e-01,9.576295018196105957e-01,9.802811741828918457e-01,1.000000000000000000e+00,9.910831451416015625e-01,9.904813766479492188e-01,9.862815737724304199e-01,9.825183749198913574e-01,9.802765250205993652e-01,9.789218306541442871e-01,9.782072901725769043e-01,9.778428077697753906e-01,9.776589274406433105e-01,9.775664210319519043e-01,9.775200486183166504e-01,9.774968624114990234e-01,9.774851799011230469e-01,9.774793982505798340e-01,9.774765968322753906e-01,9.774735569953918457e-01,9.774735569953918457e-01,9.774735569953918457e-01,9.639689326286315918e-01,9.593272805213928223e-01,9.379482865333557129e-01,9.651215672492980957e-01,9.743595719337463379e-01,9.766485095024108887e-01,9.771914482116699219e-01,9.774379134178161621e-01,9.774686694145202637e-01,9.774743914604187012e-01,9.774748682975769043e-01,9.774744510650634766e-01,9.774741530418395996e-01,9.774739146232604980e-01,9.774739146232604980e-01,9.774736762046813965e-01,9.774736762046813965e-01,9.774735569953918457e-01,9.774735569953918457e-01,9.774735569953918457e-01,9.638623595237731934e-01,9.618719220161437988e-01,9.646201729774475098e-01,9.591965675354003906e-01,9.779655337333679199e-01,9.803960919380187988e-01,9.795286059379577637e-01,9.786151051521301270e-01,9.780882000923156738e-01,9.777919650077819824e-01,9.776355624198913574e-01,9.775552749633789062e-01,9.775147438049316406e-01,9.774942398071289062e-01,9.752264022827148438e-01,9.764097332954406738e-01,9.769569039344787598e-01,9.774735569953918457e-01,9.774735569953918457e-01,9.774735569953918457e-01,9.732360243797302246e-01,9.741750359535217285e-01,9.807534217834472656e-01,9.832859635353088379e-01,9.816092848777770996e-01,9.799117445945739746e-01,9.788606166839599609e-01,9.781823754310607910e-01,9.778320193290710449e-01,9.776537418365478516e-01,9.775639176368713379e-01,9.775187969207763672e-01,9.774962067604064941e-01,9.780123829841613770e-01,9.612320065498352051e-01,9.705210328102111816e-01,9.743042588233947754e-01,9.774735569953918457e-01,9.774735569953918457e-01,9.774735569953918457e-01,9.774735569953918457e-01,9.774735569953918457e-01,9.774735569953918457e-01,9.774735569953918457e-01,9.774735569953918457e-01,9.774735569953918457e-01,9.774735569953918457e-01,9.774735569953918457e-01,9.774735569953918457e-01,9.774735569953918457e-01,9.774735569953918457e-01,9.774735569953918457e-01,9.777463078498840332e-01,9.747793674468994141e-01,9.425823092460632324e-01,9.608656764030456543e-01,9.699851870536804199e-01,9.774735569953918457e-01,9.774735569953918457e-01,9.774735569953918457e-01,9.774735569953918457e-01,9.774735569953918457e-01,9.774735569953918457e-01,9.774735569953918457e-01,9.774735569953918457e-01,9.774735569953918457e-01,9.774735569953918457e-01,9.774735569953918457e-01,9.774735569953918457e-01,9.774735569953918457e-01,9.774735569953918457e-01,9.798302650451660156e-01,9.783110022544860840e-01,9.757347702980041504e-01,9.330003261566162109e-01,9.567047953605651855e-01,9.676966071128845215e-01,9.774735569953918457e-01,9.774735569953918457e-01,9.774735569953918457e-01,9.774735569953918457e-01,9.774735569953918457e-01,9.774735569953918457e-01,9.774735569953918457e-01,9.774735569953918457e-01,9.774735569953918457e-01,9.774735569953918457e-01,9.774735569953918457e-01,9.774735569953918457e-01,9.774735569953918457e-01,9.777135848999023438e-01,9.790647029876708984e-01,9.778332710266113281e-01,9.776411056518554688e-01,9.392120838165283203e-01,9.592127203941345215e-01,9.689546227455139160e-01
9.915893673896789551e-01,9.915893673896789551e-01,9.388081431388854980e-01,9.537270069122314453e-01,9.910831451416015625e-01,1.000000000000000000e+00,9.986726641654968262e-01,9.973209500312805176e-01,9.950664043426513672e-01,9.935116767883300781e-01,9.925932288169860840e-01,9.921011924743652344e-01,9.918478131294250488e-01,9.917192459106445312e-01,9.916545748710632324e-01,9.916220307350158691e-01,9.916056990623474121e-01,9.915975928306579590e-01,9.915934205055236816e-01,9.915915131568908691e-01,9.915893673896789551e-01,9.915893673896789551e-01,9.915893673896789551e-01,9.854009747505187988e-01,9.790301322937011719e-01,9.617345929145812988e-01,9.847998619079589844e-01,9.917821288108825684e-01,9.925729632377624512e-01,9.921867251396179199e-01,9.919576644897460938e-01,9.917876124382019043e-01,9.916920661926269531e-01,9.916415810585021973e-01,9.916157126426696777e-01,9.916025996208190918e-01,9.915960431098937988e-01,9.915927052497863770e-01,9.915910363197326660e-01,9.915902018547058105e-01,9.915893673896789551e-01,9.915893673896789551e-01,9.915893673896789551e-01,9.840440750122070312e-01,9.827416539192199707e-01,9.820442199707031250e-01,9.621943831443786621e-01,9.865589141845703125e-01,9.918050765991210938e-01,9.923000335693359375e-01,9.920484423637390137e-01,9.918673634529113770e-01,9.917405247688293457e-01,9.916680455207824707e-01,9.916294217109680176e-01,9.916096329689025879e-01,9.915995001792907715e-01,9.909365177154541016e-01,9.913317561149597168e-01,9.914779663085937500e-01,9.915893673896789551e-01,9.915893673896789551e-01,9.915893673896789551e-01,9.901916384696960449e-01,9.871029853820800781e-01,9.898681640625000000e-01,9.947392940521240234e-01,9.942550659179687500e-01,9.932091236114501953e-01,9.924833178520202637e-01,9.920530319213867188e-01,9.918254017829895020e-01,9.917084574699401855e-01,9.916491508483886719e-01,9.916193485260009766e-01,9.916043281555175781e-01,9.916369318962097168e-01,9.808046221733093262e-01,9.874713420867919922e-01,9.898703694343566895e-01,9.915893673896789551e-01,9.915893673896789551e-01,9.915893673896789551e-01,9.915893673896789551e-01,9.915893673896789551e-01,9.915893673896789551e-01,9.915893673896789551e-01,9.915893673896789551e-01,9.915893673896789551e-01,9.915893673896789551e-01,9.915893673896789551e-01,9.915893673896789551e-01,9.915893673896789551e-01,9.915893673896789551e-01,9.915893673896789551e-01,9.916479587554931641e-01,9.908997416496276855e-01,9.679961800575256348e-01,9.822857975959777832e-01,9.880237579345703125e-01,9.915893673896789551e-01,9.915893673896789551e-01,9.915893673896789551e-01,9.915893673896789551e-01,9.915893673896789551e-01,9.915893673896789551e-01,9.915893673896789551e-01,9.915893673896789551e-01,9.915893673896789551e-01,9.915893673896789551e-01,9.915893673896789551e-01,9.915893673896789551e-01,9.915893673896789551e-01,9.915893673896789551e-01,9.926531314849853516e-01,9.916408658027648926e-01,9.909049868583679199e-01,9.632440209388732910e-01,9.807891845703125000e-01,9.873444437980651855e-01,9.915893673896789551e-01,9.915893673896789551e-01,9.915893673896789551e-01,9.915893673896789551e-01,9.915893673896789551e-01,9.915893673896789551e-01,9.915893673896789551e-01,9.915893673896789551e-01,9.915893673896789551e-01,9.915893673896789551e-01,9.915893673896789551e-01,9.915893673896789551e-01,9.915893673896789551e-01,9.914209246635437012e-01,9.931604862213134766e-01,9.916422963142395020e-01,9.921115040779113770e-01,9.665266871452331543e-01,9.815881848335266113e-01,9.876098632812500000e-01
9.922276139259338379e-01,9.922276139259338379e-01,9.415944218635559082e-01,9.534671902656555176e-01,9.904813766479492188e-01,9.986726641654968262e-01,1.000000000000000000e+00,9.983916282653808594e-01,9.959101676940917969e-01,9.942323565483093262e-01,9.932723045349121094e-01,9.927599430084228516e-01,9.924964308738708496e-01,9.923626780509948730e-01,9.922953248023986816e-01,9.922615885734558105e-01,9.922445416450500488e-01,9.922361373901367188e-01,9.922319054603576660e-01,9.922297596931457520e-01,9.922276139259338379e-01,9.922276139259338379e-01,9.922276139259338379e-01,9.870060086250305176e-01,9.806715846061706543e-01,9.633781313896179199e-01,9.862270355224609375e-01,9.930421710014343262e-01,9.935760498046875000e-01,9.930193424224853516e-01,9.926907420158386230e-01,9.924733638763427734e-01,9.923540949821472168e-01,9.922917485237121582e-01,9.922599792480468750e-01,9.922438263893127441e-01,9.922358989715576172e-01,9.922317862510681152e-01,9.922297000885009766e-01,9.922286868095397949e-01,9.922276139259338379e-01,9.922276139259338379e-01,9.922276139259338379e-01,9.825320839881896973e-01,9.842255115509033203e-01,9.841177463531494141e-01,9.658380150794982910e-01,9.888936877250671387e-01,9.934110641479492188e-01,9.934425950050354004e-01,9.929441809654235840e-01,9.926350116729736328e-01,9.924437403678894043e-01,9.923387169837951660e-01,9.922839999198913574e-01,9.922559857368469238e-01,9.922418594360351562e-01,9.917090535163879395e-01,9.920360445976257324e-01,9.921491742134094238e-01,9.922276139259338379e-01,9.922276139259338379e-01,9.922276139259338379e-01,9.888381361961364746e-01,9.889201521873474121e-01,9.925524592399597168e-01,9.964451789855957031e-01,9.954330921173095703e-01,9.940876960754394531e-01,9.932340979576110840e-01,9.927476048469543457e-01,9.924919009208679199e-01,9.923607707023620605e-01,9.922944903373718262e-01,9.922611713409423828e-01,9.922444224357604980e-01,9.924387335777282715e-01,9.822238087654113770e-01,9.885158538818359375e-01,9.907460808753967285e-01,9.922276139259338379e-01,9.922276139259338379e-01,9.922276139259338379e-01,9.922276139259338379e-01,9.922276139259338379e-01,9.922276139259338379e-01,9.922276139259338379e-01,9.922276139259338379e-01,9.922276139259338379e-01,9.922276139259338379e-01,9.922276139259338379e-01,9.922276139259338379e-01,9.922276139259338379e-01,9.922276139259338379e-01,9.922276139259338379e-01,9.923469424247741699e-01,9.917209744453430176e-01,9.688060879707336426e-01,9.828730225563049316e-01,9.886627793312072754e-01,9.922276139259338379e-01,9.922276139259338379e-01,9.922276139259338379e-01,9.922276139259338379e-01,9.922276139259338379e-01,9.922276139259338379e-01,9.922276139259338379e-01,9.922276139259338379e-01,9.922276139259338379e-01,9.922276139259338379e-01,9.922276139259338379e-01,9.922276139259338379e-01,9.922276139259338379e-01,9.922276139259338379e-01,9.929969906806945801e-01,9.923998713493347168e-01,9.908221364021301270e-01,9.618555903434753418e-01,9.802777767181396484e-01,9.874179959297180176e-01,9.922276139259338379e-01,9.922276139259338379e-01,9.922276139259338379e-01,9.922276139259338379e-01,9.922276139259338379e-01,9.922276139259338379e-01,9.922276139259338379e-01,9.922276139259338379e-01,9.922276139259338379e-01,9.922276139259338379e-01,9.922276139259338379e-01,9.922276139259338379e-01,9.922276139259338379e-01,9.920322299003601074e-01,9.935960769653320312e-01,9.921927452087402344e-01,9.924473762512207031e-01,9.662005305290222168e-01,9.816060662269592285e-01,9.879617691040039062e-01
9.975509643554687500e-01,9.975509643554687500e-01,9.405433535575866699e-01,9.456024169921875000e-01,9.862815737724304199e-01,9.973209500312805176e-01,9.983916282653808594e-01,1.000000000000000000e+00,9.993938803672790527e-01,9.986370205879211426e-01,9.981371760368347168e-01,9.978542923927307129e-01,9.977052211761474609e-01,9.976288676261901855e-01,9.975900650024414062e-01,9.975705742835998535e-01,9.975607991218566895e-01,9.975559115409851074e-01,9.975533485412597656e-01,9.975521564483642578e-01,9.975509643554687500e-01,9.975509643554687500e-01,9.975509643554687500e-01,9.880917072296142578e-01,9.819352030754089355e-01,9.629244804382324219e-01,9.866415858268737793e-01,9.959390759468078613e-01,9.977046847343444824e-01,9.978314042091369629e-01,9.977567791938781738e-01,9.976683259010314941e-01,9.976132512092590332e-01,9.975829720497131348e-01,9.975671768188476562e-01,9.975591301918029785e-01,9.975550174713134766e-01,9.975530505180358887e-01,9.975519776344299316e-01,9.975514411926269531e-01,9.975509643554687500e-01,9.975509643554687500e-01,9.975509643554687500e-01,9.879899621009826660e-01,9.849355220794677734e-01,9.809715747833251953e-01,9.642123579978942871e-01,9.897535443305969238e-01,9.964601993560791016e-01,9.977002143859863281e-01,9.977753162384033203e-01,9.977119565010070801e-01,9.976437091827392578e-01,9.976003766059875488e-01,9.975764751434326172e-01,9.975638389587402344e-01,9.975574612617492676e-01,9.971682429313659668e-01,9.974285960197448730e-01,9.975072741508483887e-01,9.975509643554687500e-01,9.975509643554687500e-01,9.975509643554687500e-01,9.941092133522033691e-01,9.912959933280944824e-01,9.910789132118225098e-01,9.979229569435119629e-01,9.988152384757995605e-01,9.984471201896667480e-01,9.980710148811340332e-01,9.978280067443847656e-01,9.976938366889953613e-01,9.976234436035156250e-01,9.975875020027160645e-01,9.975692629814147949e-01,9.975600838661193848e-01,9.976973533630371094e-01,9.890527129173278809e-01,9.946534037590026855e-01,9.964780807495117188e-01,9.975509643554687500e-01,9.975509643554687500e-01,9.975509643554687500e-01,9.975509643554687500e-01,9.975509643554687500e-01,9.975509643554687500e-01,9.975509643554687500e-01,9.975509643554687500e-01,9.975509643554687500e-01,9.975509643554687500e-01,9.975509643554687500e-01,9.975509643554687500e-01,9.975509643554687500e-01,9.975509643554687500e-01,9.975509643554687500e-01,9.976356029510498047e-01,9.970667362213134766e-01,9.750235080718994141e-01,9.891731142997741699e-01,9.945589900016784668e-01,9.975509643554687500e-01,9.975509643554687500e-01,9.975509643554687500e-01,9.975509643554687500e-01,9.975509643554687500e-01,9.975509643554687500e-01,9.975509643554687500e-01,9.975509643554687500e-01,9.975509643554687500e-01,9.975509643554687500e-01,9.975509643554687500e-01,9.975509643554687500e-01,9.975509643554687500e-01,9.975509643554687500e-01,9.979098439216613770e-01,9.976194500923156738e-01,9.964738488197326660e-01,9.685220718383789062e-01,9.868254661560058594e-01,9.935634732246398926e-01,9.975509643554687500e-01,9.975509643554687500e-01,9.975509643554687500e-01,9.975509643554687500e-01,9.975509643554687500e-01,9.975509643554687500e-01,9.975509643554687500e-01,9.975509643554687500e-01,9.975509643554687500e-01,9.975509643554687500e-01,9.975509643554687500e-01,9.975509643554687500e-01,9.975509643554687500e-01,9.973621368408203125e-01,9.980103373527526855e-01,9.974271655082702637e-01,9.975924491882324219e-01,9.732012748718261719e-01,9.882922768592834473e-01,9.941036701202392578e-01
9.993734359741210938e-01,9.993734359741210938e-01,9.389392733573913574e-01,9.403531551361083984e-01,9.825183749198913574e-01,9.950664043426513672e-01,9.959101676940917969e-01,9.993938803672790527e-01,1.000000000000000000e+00,9.998478889465332031e-01,9.996530413627624512e-01,9.995236396789550781e-01,9.994511604309082031e-01,9.994130134582519531e-01,9.993934631347656250e-01,9.993835091590881348e-01,9.993785023689270020e-01,9.993759989738464355e-01,9.993746876716613770e-01,9.993741512298583984e-01,9.993734359741210938e-01,9.993734359741210938e-01,9.993734359741210938e-01,9.871857762336730957e-01,9.818294048309326172e-01,9.624032974243164062e-01,9.860270023345947266e-01,9.964775443077087402e-01,9.988790154457092285e-01,9.993767738342285156e-01,9.994395375251770020e-01,9.994209408760070801e-01,9.994007945060729980e-01,9.993881583213806152e-01,9.993810653686523438e-01,9.993773102760314941e-01,9.993754029273986816e-01,9.993744492530822754e-01,9.993739724159240723e-01,9.993738532066345215e-01,9.993734359741210938e-01,9.993734359741210938e-01,9.993734359741210938e-01,9.893655180931091309e-01,9.834734797477722168e-01,9.783527255058288574e-01,9.633167386054992676e-01,9.895833134651184082e-01,9.972378611564636230e-01,9.990398883819580078e-01,9.993805289268493652e-01,9.994254112243652344e-01,9.994116425514221191e-01,9.993956685066223145e-01,9.993853569030761719e-01,9.993796348571777344e-01,9.993765950202941895e-01,9.990251660346984863e-01,9.992687106132507324e-01,9.993386864662170410e-01,9.993734359741210938e-01,9.993734359741210938e-01,9.993734359741210938e-01,9.954642653465270996e-01,9.913313984870910645e-01,9.891689419746398926e-01,9.974820613861083984e-01,9.994854331016540527e-01,9.996959567070007324e-01,9.996047019958496094e-01,9.995062351226806641e-01,9.994441866874694824e-01,9.994099736213684082e-01,9.993919730186462402e-01,9.993827939033508301e-01,9.993782043457031250e-01,9.993225932121276855e-01,9.919399619102478027e-01,9.970455169677734375e-01,9.985907077789306641e-01,9.993734359741210938e-01,9.993734359741210938e-01,9.993734359741210938e-01,9.993734359741210938e-01,9.993734359741210938e-01,9.993734359741210938e-01,9.993734359741210938e-01,9.993734359741210938e-01,9.993734359741210938e-01,9.993734359741210938e-01,9.993734359741210938e-01,9.993734359741210938e-01,9.993734359741210938e-01,9.993734359741210938e-01,9.993734359741210938e-01,9.993129372596740723e-01,9.989440441131591797e-01,9.778838157653808594e-01,9.918859004974365234e-01,9.968962073326110840e-01,9.993734359741210938e-01,9.993734359741210938e-01,9.993734359741210938e-01,9.993734359741210938e-01,9.993734359741210938e-01,9.993734359741210938e-01,9.993734359741210938e-01,9.993734359741210938e-01,9.993734359741210938e-01,9.993734359741210938e-01,9.993734359741210938e-01,9.993734359741210938e-01,9.993734359741210938e-01,9.993734359741210938e-01,9.993028044700622559e-01,9.993081688880920410e-01,9.985772967338562012e-01,9.716075062751770020e-01,9.896909594535827637e-01,9.960595965385437012e-01,9.993734359741210938e-01,9.993734359741210938e-01,9.993734359741210938e-01,9.993734359741210938e-01,9.993734359741210938e-01,9.993734359741210938e-01,9.993734359741210938e-01,9.993734359741210938e-01,9.993734359741210938e-01,9.993734359741210938e-01,9.993734359741210938e-01,9.993734359741210938e-01,9.993734359741210938e-01,9.992532134056091309e-01,9.993319511413574219e-01,9.992472529411315918e-01,9.993159174919128418e-01,9.764105677604675293e-01,9.911794662475585938e-01,9.965589046478271484e-01
9.998350143432617188e-01,9.998350143432617188e-01,9.378415942192077637e-01,9.374616742134094238e-01,9.802765250205993652e-01,9.935116767883300781e-01,9.942323565483093262e-01,9.986370205879211426e-01,9.998478889465332031e-01,1.000000000000000000e+00,9.999592900276184082e-01,9.999075531959533691e-01,9.998741149902343750e-01,9.998552203178405762e-01,9.998452663421630859e-01,9.998401999473571777e-01,9.998376965522766113e-01,9.998364448547363281e-01,9.998357295989990234e-01,9.998354315757751465e-01,9.998350143432617188e-01,9.998350143432617188e-01,9.998350143432617188e-01,9.862630963325500488e-01,9.813747406005859375e-01,9.617835879325866699e-01,9.853135943412780762e-01,9.963057637214660645e-01,9.990178942680358887e-01,9.996993541717529297e-01,9.998309016227722168e-01,9.998473525047302246e-01,9.998448491096496582e-01,9.998409152030944824e-01,9.998381733894348145e-01,9.998366832733154297e-01,9.998359084129333496e-01,9.998354911804199219e-01,9.998353123664855957e-01,9.998351931571960449e-01,9.998350143432617188e-01,9.998350143432617188e-01,9.998350143432617188e-01,9.895957112312316895e-01,9.823057055473327637e-01,9.766466617584228516e-01,9.625742435455322266e-01,9.891145825386047363e-01,9.972036480903625488e-01,9.992716908454895020e-01,9.997387528419494629e-01,9.998350739479064941e-01,9.998471736907958984e-01,9.998441338539123535e-01,9.998403191566467285e-01,9.998379349708557129e-01,9.998365044593811035e-01,9.994933009147644043e-01,9.997334480285644531e-01,9.998018741607666016e-01,9.998350143432617188e-01,9.998350143432617188e-01,9.998350143432617188e-01,9.956683516502380371e-01,9.909396767616271973e-01,9.877999424934387207e-01,9.968153834342956543e-01,9.993692040443420410e-01,9.998685717582702637e-01,9.999206662178039551e-01,9.998950958251953125e-01,9.998694062232971191e-01,9.998533129692077637e-01,9.998445510864257812e-01,9.998398423194885254e-01,9.998374581336975098e-01,9.996744990348815918e-01,9.929358959197998047e-01,9.977871775627136230e-01,9.991946220397949219e-01,9.998350143432617188e-01,9.998350143432617188e-01,9.998350143432617188e-01,9.998350143432617188e-01,9.998350143432617188e-01,9.998350143432617188e-01,9.998350143432617188e-01,9.998350143432617188e-01,9.998350143432617188e-01,9.998350143432617188e-01,9.998350143432617188e-01,9.998350143432617188e-01,9.998350143432617188e-01,9.998350143432617188e-01,9.998350143432617188e-01,9.996959567070007324e-01,9.994301199913024902e-01,9.789093136787414551e-01,9.928042292594909668e-01,9.976198673248291016e-01,9.998350143432617188e-01,9.998350143432617188e-01,9.998350143432617188e-01,9.998350143432617188e-01,9.998350143432617188e-01,9.998350143432617188e-01,9.998350143432617188e-01,9.998350143432617188e-01,9.998350143432617188e-01,9.998350143432617188e-01,9.998350143432617188e-01,9.998350143432617188e-01,9.998350143432617188e-01,9.998350143432617188e-01,9.995429515838623047e-01,9.997048377990722656e-01,9.991889595985412598e-01,9.727136492729187012e-01,9.906716346740722656e-01,9.968552589416503906e-01,9.998350143432617188e-01,9.998350143432617188e-01,9.998350143432617188e-01,9.998350143432617188e-01,9.998350143432617188e-01,9.998350143432617188e-01,9.998350143432617188e-01,9.998350143432617188e-01,9.998350143432617188e-01,9.998350143432617188e-01,9.998350143432617188e-01,9.998350143432617188e-01,9.998350143432617188e-01,9.997531771659851074e-01,9.995372891426086426e-01,9.997083544731140137e-01,9.997305870056152344e-01,9.775925278663635254e-01,9.921780228614807129e-01,9.973376393318176270e-01
9.999580979347229004e-01,9.999580979347229004e-01,9.368492960929870605e-01,9.356455802917480469e-01,9.789218306541442871e-01,9.925932288169860840e-01,9.932723045349121094e-01,9.981371760368347168e-01,9.996530413627624512e-01,9.999592900276184082e-01,1.000000000000000000e+00,9.999895095825195312e-01,9.999764561653137207e-01,9.999680519104003906e-01,9.999632239341735840e-01,9.999607205390930176e-01,9.999594688415527344e-01,9.999588131904602051e-01,9.999584555625915527e-01,9.999583363533020020e-01,9.999580979347229004e-01,9.999580979347229004e-01,9.999580979347229004e-01,9.858513474464416504e-01,9.811815619468688965e-01,9.616305828094482422e-01,9.850106239318847656e-01,9.961978793144226074e-01,9.990207552909851074e-01,9.997701644897460938e-01,9.999265670776367188e-01,9.999567866325378418e-01,9.999609589576721191e-01,9.999604821205139160e-01,9.999596476554870605e-01,9.999589323997497559e-01,9.999585747718811035e-01,9.999583363533020020e-01,9.999582171440124512e-01,9.999582171440124512e-01,9.999580979347229004e-01,9.999580979347229004e-01,9.999580979347229004e-01,9.896407723426818848e-01,9.817733764648437500e-01,9.758161902427673340e-01,9.621524810791015625e-01,9.888155460357666016e-01,9.970998764038085938e-01,9.992877840995788574e-01,9.998125433921813965e-01,9.999334216117858887e-01,9.999578595161437988e-01,9.999609589576721191e-01,9.999603629112243652e-01,9.999594092369079590e-01,9.999588131904602051e-01,9.996454715728759766e-01,9.998710751533508301e-01,9.999322891235351562e-01,9.999580979347229004e-01,9.999580979347229004e-01,9.999580979347229004e-01,9.956276416778564453e-01,9.906342029571533203e-01,9.870297312736511230e-01,9.963771700859069824e-01,9.992003440856933594e-01,9.998418688774108887e-01,9.999663829803466797e-01,9.999794960021972656e-01,9.999731183052062988e-01,9.999668002128601074e-01,9.999627470970153809e-01,9.999604225158691406e-01,9.999592900276184082e-01,9.997363090515136719e-01,9.934325814247131348e-01,9.981037974357604980e-01,9.994164109230041504e-01,9.999580979347229004e-01,9.999580979347229004e-01,9.999580979347229004e-01,9.999580979347229004e-01,9.999580979347229004e-01,9.999580979347229004e-01,9.999580979347229004e-01,9.999580979347229004e-01,9.999580979347229004e-01,9.999580979347229004e-01,9.999580979347229004e-01,9.999580979347229004e-01,9.999580979347229004e-01,9.999580979347229004e-01,9.999580979347229004e-01,9.997768402099609375e-01,9.995926022529602051e-01,9.795575737953186035e-01,9.932847619056701660e-01,9.979429244995117188e-01,9.999580979347229004e-01,9.999580979347229004e-01,9.999580979347229004e-01,9.999580979347229004e-01,9.999580979347229004e-01,9.999580979347229004e-01,9.999580979347229004e-01,9.999580979347229004e-01,9.999580979347229004e-01,9.999580979347229004e-01,9.999580979347229004e-01,9.999580979347229004e-01,9.999580979347229004e-01,9.999580979347229004e-01,9.995368123054504395e-01,9.997894167900085449e-01,9.993863105773925781e-01,9.734118580818176270e-01,9.911940693855285645e-01,9.972214698791503906e-01,9.999580979347229004e-01,9.999580979347229004e-01,9.999580979347229004e-01,9.999580979347229004e-01,9.999580979347229004e-01,9.999580979347229004e-01,9.999580979347229004e-01,9.999580979347229004e-01,9.999580979347229004e-01,9.999580979347229004e-01,9.999580979347229004e-01,9.999580979347229004e-01,9.999580979347229004e-01,9.998856186866760254e-01,9.995358586311340332e-01,9.998297095298767090e-01,9.998372197151184082e-01,9.783214926719665527e-01,9.927026629447937012e-01,9.976899027824401855e-01
