1.000000000000000000e+00,1.000000000000000000e+00,1.000000000000000000e+00,9.208315014839172363e-01,9.842801094055175781e-01,9.701144695281982422e-01,9.188202023506164551e-01,9.976842999458312988e-01,9.994290471076965332e-01,9.998586177825927734e-01,9.999648928642272949e-01,9.999912381172180176e-01,9.999977946281433105e-01,9.999994635581970215e-01,9.999997615814208984e-01,9.999999403953552246e-01,1.000000000000000000e+00,1.000000000000000000e+00,1.000000000000000000e+00,1.000000000000000000e+00,1.000000000000000000e+00,1.000000000000000000e+00,1.000000000000000000e+00,9.980368614196777344e-01,9.627508521080017090e-01,9.880506992340087891e-01,9.655029773712158203e-01,9.893371462821960449e-01,9.997761845588684082e-01,9.999434351921081543e-01,9.999857544898986816e-01,9.999963641166687012e-01,9.999992251396179199e-01,9.999998211860656738e-01,1.000000000000000000e+00,1.000000000000000000e+00,9.999999403953552246e-01,1.000000000000000000e+00,9.999999403953552246e-01,9.999999403953552246e-01,1.000000000000000000e+00,1.000000000000000000e+00,1.000000000000000000e+00,1.000000000000000000e+00,9.726191163063049316e-01,9.918106198310852051e-01,5.660041570663452148e-01,9.926418662071228027e-01,9.979836344718933105e-01,9.994750022888183594e-01,9.998655915260314941e-01,9.999660849571228027e-01,9.999914169311523438e-01,9.999977946281433105e-01,9.999995231628417969e-01,9.999999403953552246e-01,1.000000000000000000e+00,9.983208775520324707e-01,9.999774098396301270e-01,9.999942779541015625e-01,1.000000000000000000e+00,1.000000000000000000e+00,1.000000000000000000e+00,1.000000000000000000e+00,1.000000000000000000e+00,1.000000000000000000e+00,1.000000000000000000e+00,1.000000000000000000e+00,1.000000000000000000e+00,1.000000000000000000e+00,1.000000000000000000e+00,1.000000000000000000e+00,1.000000000000000000e+00,1.000000000000000000e+00,1.000000000000000000e+00,1.000000000000000000e+00,9.989299774169921875e-01,9.786412715911865234e-01,9.997398257255554199e-01,9.999344944953918457e-01,1.000000000000000000e+00,1.000000000000000000e+00,1.000000000000000000e+00,1.000000000000000000e+00,1.000000000000000000e+00,1.000000000000000000e+00,1.000000000000000000e+00,1.000000000000000000e+00,1.000000000000000000e+00,1.000000000000000000e+00,1.000000000000000000e+00,1.000000000000000000e+00,1.000000000000000000e+00,1.000000000000000000e+00,1.000000000000000000e+00,9.984963536262512207e-01,9.991143345832824707e-01,9.104200005531311035e-01,9.998364448547363281e-01,9.999590516090393066e-01,1.000000000000000000e+00,1.000000000000000000e+00,1.000000000000000000e+00,1.000000000000000000e+00,1.000000000000000000e+00,1.000000000000000000e+00,1.000000000000000000e+00,1.000000000000000000e+00,1.000000000000000000e+00,1.000000000000000000e+00,1.000000000000000000e+00,1.000000000000000000e+00,1.000000000000000000e+00,1.000000000000000000e+00,9.936936497688293457e-01,9.989609718322753906e-01,9.999982714653015137e-01,8.972964882850646973e-01,9.998816847801208496e-01,9.999697208404541016e-01,1.000000000000000000e+00,1.000000000000000000e+00,1.000000000000000000e+00,1.000000000000000000e+00,1.000000000000000000e+00,1.000000000000000000e+00,1.000000000000000000e+00,1.000000000000000000e+00,1.000000000000000000e+00,1.000000000000000000e+00,1.000000000000000000e+00,1.000000000000000000e+00,1.000000000000000000e+00,1.000000000000000000e+00,9.979004859924316406e-01,9.999952316284179688e-01,9.999987483024597168e-01,9.718456268310546875e-01,9.998629093170166016e-01,9.999629855155944824e-01
1.000000000000000000e+00,1.000000000000000000e+00,1.000000000000000000e+00,9.208315014839172363e-01,9.842801094055175781e-01,9.701144695281982422e-01,9.188202023506164551e-01,9.976842999458312988e-01,9.994290471076965332e-01,9.998586177825927734e-01,9.999648928642272949e-01,9.999912381172180176e-01,9.999977946281433105e-01,9.999994635581970215e-01,9.999997615814208984e-01,9.999999403953552246e-01,1.000000000000000000e+00,1.000000000000000000e+00,1.000000000000000000e+00,1.000000000000000000e+00,1.000000000000000000e+00,1.000000000000000000e+00,1.000000000000000000e+00,9.980368614196777344e-01,9.627508521080017090e-01,9.880506992340087891e-01,9.655029773712158203e-01,9.893371462821960449e-01,9.997761845588684082e-01,9.999434351921081543e-01,9.999857544898986816e-01,9.999963641166687012e-01,9.999992251396179199e-01,9.999998211860656738e-01,1.000000000000000000e+00,1.000000000000000000e+00,9.999999403953552246e-01,1.000000000000000000e+00,9.999999403953552246e-01,9.999999403953552246e-01,1.000000000000000000e+00,1.000000000000000000e+00,1.000000000000000000e+00,1.000000000000000000e+00,9.726191163063049316e-01,9.918106198310852051e-01,5.660041570663452148e-01,9.926418662071228027e-01,9.979836344718933105e-01,9.994750022888183594e-01,9.998655915260314941e-01,9.999660849571228027e-01,9.999914169311523438e-01,9.999977946281433105e-01,9.999995231628417969e-01,9.999999403953552246e-01,1.000000000000000000e+00,9.983208775520324707e-01,9.999774098396301270e-01,9.999942779541015625e-01,1.000000000000000000e+00,1.000000000000000000e+00,1.000000000000000000e+00,1.000000000000000000e+00,1.000000000000000000e+00,1.000000000000000000e+00,1.000000000000000000e+00,1.000000000000000000e+00,1.000000000000000000e+00,1.000000000000000000e+00,1.000000000000000000e+00,1.000000000000000000e+00,1.000000000000000000e+00,1.000000000000000000e+00,1.000000000000000000e+00,1.000000000000000000e+00,9.989299774169921875e-01,9.786412715911865234e-01,9.997398257255554199e-01,9.999344944953918457e-01,1.000000000000000000e+00,1.000000000000000000e+00,1.000000000000000000e+00,1.000000000000000000e+00,1.000000000000000000e+00,1.000000000000000000e+00,1.000000000000000000e+00,1.000000000000000000e+00,1.000000000000000000e+00,1.000000000000000000e+00,1.000000000000000000e+00,1.000000000000000000e+00,1.000000000000000000e+00,1.000000000000000000e+00,1.000000000000000000e+00,9.984963536262512207e-01,9.991143345832824707e-01,9.104200005531311035e-01,9.998364448547363281e-01,9.999590516090393066e-01,1.000000000000000000e+00,1.000000000000000000e+00,1.000000000000000000e+00,1.000000000000000000e+00,1.000000000000000000e+00,1.000000000000000000e+00,1.000000000000000000e+00,1.000000000000000000e+00,1.000000000000000000e+00,1.000000000000000000e+00,1.000000000000000000e+00,1.000000000000000000e+00,1.000000000000000000e+00,1.000000000000000000e+00,9.936936497688293457e-01,9.989609718322753906e-01,9.999982714653015137e-01,8.972964882850646973e-01,9.998816847801208496e-01,9.999697208404541016e-01,1.000000000000000000e+00,1.000000000000000000e+00,1.000000000000000000e+00,1.000000000000000000e+00,1.000000000000000000e+00,1.000000000000000000e+00,1.000000000000000000e+00,1.000000000000000000e+00,1.000000000000000000e+00,1.000000000000000000e+00,1.000000000000000000e+00,1.000000000000000000e+00,1.000000000000000000e+00,1.000000000000000000e+00,9.979004859924316406e-01,9.999952316284179688e-01,9.999987483024597168e-01,9.718456268310546875e-01,9.998629093170166016e-01,9.999629855155944824e-01
1.000000000000000000e+00,1.000000000000000000e+00,1.000000000000000000e+00,9.208315014839172363e-01,9.842801094055175781e-01,9.701144695281982422e-01,9.188202023506164551e-01,9.976842999458312988e-01,9.994290471076965332e-01,9.998586177825927734e-01,9.999648928642272949e-01,9.999912381172180176e-01,9.999977946281433105e-01,9.999994635581970215e-01,9.999997615814208984e-01,9.999999403953552246e-01,1.000000000000000000e+00,1.000000000000000000e+00,1.000000000000000000e+00,1.000000000000000000e+00,1.000000000000000000e+00,1.000000000000000000e+00,1.000000000000000000e+00,9.980368614196777344e-01,9.627508521080017090e-01,9.880506992340087891e-01,9.655029773712158203e-01,9.893371462821960449e-01,9.997761845588684082e-01,9.999434351921081543e-01,9.999857544898986816e-01,9.999963641166687012e-01,9.999992251396179199e-01,9.999998211860656738e-01,1.000000000000000000e+00,1.000000000000000000e+00,9.999999403953552246e-01,1.000000000000000000e+00,9.999999403953552246e-01,9.999999403953552246e-01,1.000000000000000000e+00,1.000000000000000000e+00,1.000000000000000000e+00,1.000000000000000000e+00,9.726191163063049316e-01,9.918106198310852051e-01,5.660041570663452148e-01,9.926418662071228027e-01,9.979836344718933105e-01,9.994750022888183594e-01,9.998655915260314941e-01,9.999660849571228027e-01,9.999914169311523438e-01,9.999977946281433105e-01,9.999995231628417969e-01,9.999999403953552246e-01,1.000000000000000000e+00,9.983208775520324707e-01,9.999774098396301270e-01,9.999942779541015625e-01,1.000000000000000000e+00,1.000000000000000000e+00,1.000000000000000000e+00,1.000000000000000000e+00,1.000000000000000000e+00,1.000000000000000000e+00,1.000000000000000000e+00,1.000000000000000000e+00,1.000000000000000000e+00,1.000000000000000000e+00,1.000000000000000000e+00,1.000000000000000000e+00,1.000000000000000000e+00,1.000000000000000000e+00,1.000000000000000000e+00,1.000000000000000000e+00,9.989299774169921875e-01,9.786412715911865234e-01,9.997398257255554199e-01,9.999344944953918457e-01,1.000000000000000000e+00,1.000000000000000000e+00,1.000000000000000000e+00,1.000000000000000000e+00,1.000000000000000000e+00,1.000000000000000000e+00,1.000000000000000000e+00,1.000000000000000000e+00,1.000000000000000000e+00,1.000000000000000000e+00,1.000000000000000000e+00,1.000000000000000000e+00,1.000000000000000000e+00,1.000000000000000000e+00,1.000000000000000000e+00,9.984963536262512207e-01,9.991143345832824707e-01,9.104200005531311035e-01,9.998364448547363281e-01,9.999590516090393066e-01,1.000000000000000000e+00,1.000000000000000000e+00,1.000000000000000000e+00,1.000000000000000000e+00,1.000000000000000000e+00,1.000000000000000000e+00,1.000000000000000000e+00,1.000000000000000000e+00,1.000000000000000000e+00,1.000000000000000000e+00,1.000000000000000000e+00,1.000000000000000000e+00,1.000000000000000000e+00,1.000000000000000000e+00,9.936936497688293457e-01,9.989609718322753906e-01,9.999982714653015137e-01,8.972964882850646973e-01,9.998816847801208496e-01,9.999697208404541016e-01,1.000000000000000000e+00,1.000000000000000000e+00,1.000000000000000000e+00,1.000000000000000000e+00,1.000000000000000000e+00,1.000000000000000000e+00,1.000000000000000000e+00,1.000000000000000000e+00,1.000000000000000000e+00,1.000000000000000000e+00,1.000000000000000000e+00,1.000000000000000000e+00,1.000000000000000000e+00,1.000000000000000000e+00,9.979004859924316406e-01,9.999952316284179688e-01,9.999987483024597168e-01,9.718456268310546875e-01,9.998629093170166016e-01,9.999629855155944824e-01
9.208315014839172363e-01,9.208315014839172363e-01,9.208315014839172363e-01,1.000000000000000000e+00,8.644229769706726074e-01,8.867092132568359375e-01,8.047428727149963379e-01,9.173819422721862793e-01,9.195578694343566895e-01,9.203168749809265137e-01,9.206061959266662598e-01,9.207267761230468750e-01,9.207811951637268066e-01,9.208069443702697754e-01,9.208193421363830566e-01,9.208255410194396973e-01,9.208285808563232422e-01,9.208301901817321777e-01,9.208309054374694824e-01,9.208313822746276855e-01,9.208315014839172363e-01,9.208315014839172363e-01,9.208315014839172363e-01,9.242122769355773926e-01,9.151315093040466309e-01,9.331901669502258301e-01,8.481890559196472168e-01,9.320273399353027344e-01,9.242110252380371094e-01,9.225842356681823730e-01,9.217238426208496094e-01,9.212818145751953125e-01,9.210577011108398438e-01,9.209449887275695801e-01,9.208882451057434082e-01,9.208600521087646484e-01,9.208458065986633301e-01,9.208386540412902832e-01,9.208351969718933105e-01,9.208334088325500488e-01,9.208315014839172363e-01,9.208315014839172363e-01,9.208315014839172363e-01,9.208315014839172363e-01,9.345622062683105469e-01,9.148285388946533203e-01,5.093875527381896973e-01,9.320492744445800781e-01,9.283612370491027832e-01,9.252186417579650879e-01,9.231701493263244629e-01,9.220383763313293457e-01,9.214447140693664551e-01,9.211404919624328613e-01,9.209868311882019043e-01,9.209093451499938965e-01,9.208705425262451172e-01,9.278447031974792480e-01,9.208583235740661621e-01,9.208497405052185059e-01,9.208315014839172363e-01,9.208315014839172363e-01,9.208315014839172363e-01,9.208315014839172363e-01,9.208315014839172363e-01,9.208315014839172363e-01,9.208315014839172363e-01,9.208315014839172363e-01,9.208315014839172363e-01,9.208315014839172363e-01,9.208315014839172363e-01,9.208315014839172363e-01,9.208315014839172363e-01,9.208315014839172363e-01,9.208315014839172363e-01,9.208315014839172363e-01,9.201467633247375488e-01,9.161053299903869629e-01,9.196544289588928223e-01,9.202969670295715332e-01,9.208315014839172363e-01,9.208315014839172363e-01,9.208315014839172363e-01,9.208315014839172363e-01,9.208315014839172363e-01,9.208315014839172363e-01,9.208315014839172363e-01,9.208315014839172363e-01,9.208315014839172363e-01,9.208315014839172363e-01,9.208315014839172363e-01,9.208315014839172363e-01,9.208315014839172363e-01,9.208315014839172363e-01,9.208315014839172363e-01,9.199274182319641113e-01,9.166865348815917969e-01,8.791112899780273438e-01,9.210252165794372559e-01,9.209461212158203125e-01,9.208315014839172363e-01,9.208315014839172363e-01,9.208315014839172363e-01,9.208315014839172363e-01,9.208315014839172363e-01,9.208315014839172363e-01,9.208315014839172363e-01,9.208315014839172363e-01,9.208315014839172363e-01,9.208315014839172363e-01,9.208315014839172363e-01,9.208315014839172363e-01,9.208315014839172363e-01,9.208315014839172363e-01,9.257720112800598145e-01,9.203401207923889160e-01,9.208850860595703125e-01,8.484270572662353516e-01,9.201748967170715332e-01,9.205256104469299316e-01,9.208315014839172363e-01,9.208315014839172363e-01,9.208315014839172363e-01,9.208315014839172363e-01,9.208315014839172363e-01,9.208315014839172363e-01,9.208315014839172363e-01,9.208315014839172363e-01,9.208315014839172363e-01,9.208315014839172363e-01,9.208315014839172363e-01,9.208315014839172363e-01,9.208315014839172363e-01,9.208315014839172363e-01,9.221854209899902344e-01,9.208800196647644043e-01,9.208571314811706543e-01,9.340435862541198730e-01,9.212927818298339844e-01,9.210972785949707031e-01
9.842801094055175781e-01,9.842801094055175781e-01,9.842801094055175781e-01,8.644229769706726074e-01,1.000000000000000000e+00,9.616343975067138672e-01,9.365029335021972656e-01,9.834697842597961426e-01,9.844856262207031250e-01,9.845294356346130371e-01,9.844400286674499512e-01,9.843687415122985840e-01,9.843265414237976074e-01,9.843038916587829590e-01,9.842920899391174316e-01,9.842861294746398926e-01,9.842831492424011230e-01,9.842817187309265137e-01,9.842808246612548828e-01,9.842805862426757812e-01,9.842801094055175781e-01,9.842801094055175781e-01,9.842801094055175781e-01,9.809243679046630859e-01,9.453699588775634766e-01,9.642326831817626953e-01,9.762304425239562988e-01,9.689266085624694824e-01,9.827626347541809082e-01,9.835688471794128418e-01,9.839365482330322266e-01,9.841113686561584473e-01,9.841964840888977051e-01,9.842385649681091309e-01,9.842593073844909668e-01,9.842696189880371094e-01,9.842748641967773438e-01,9.842775464057922363e-01,9.842786788940429688e-01,9.842794537544250488e-01,9.842801094055175781e-01,9.842801094055175781e-01,9.842801094055175781e-01,9.842801094055175781e-01,9.582929611206054688e-01,9.775059819221496582e-01,5.899113416671752930e-01,9.724718928337097168e-01,9.797759652137756348e-01,9.823894500732421875e-01,9.834539294242858887e-01,9.838984608650207520e-01,9.840978980064392090e-01,9.841909408569335938e-01,9.842360615730285645e-01,9.842582345008850098e-01,9.842691421508789062e-01,9.831911921501159668e-01,9.841999411582946777e-01,9.842455983161926270e-01,9.842801094055175781e-01,9.842801094055175781e-01,9.842801094055175781e-01,9.842801094055175781e-01,9.842801094055175781e-01,9.842801094055175781e-01,9.842801094055175781e-01,9.842801094055175781e-01,9.842801094055175781e-01,9.842801094055175781e-01,9.842801094055175781e-01,9.842801094055175781e-01,9.842801094055175781e-01,9.842801094055175781e-01,9.842801094055175781e-01,9.842801094055175781e-01,9.826548099517822266e-01,9.604408740997314453e-01,9.845731258392333984e-01,9.844915270805358887e-01,9.842801094055175781e-01,9.842801094055175781e-01,9.842801094055175781e-01,9.842801094055175781e-01,9.842801094055175781e-01,9.842801094055175781e-01,9.842801094055175781e-01,9.842801094055175781e-01,9.842801094055175781e-01,9.842801094055175781e-01,9.842801094055175781e-01,9.842801094055175781e-01,9.842801094055175781e-01,9.842801094055175781e-01,9.842801094055175781e-01,9.816033244132995605e-01,9.855362772941589355e-01,8.891679644584655762e-01,9.839293360710144043e-01,9.841606616973876953e-01,9.842801094055175781e-01,9.842801094055175781e-01,9.842801094055175781e-01,9.842801094055175781e-01,9.842801094055175781e-01,9.842801094055175781e-01,9.842801094055175781e-01,9.842801094055175781e-01,9.842801094055175781e-01,9.842801094055175781e-01,9.842801094055175781e-01,9.842801094055175781e-01,9.842801094055175781e-01,9.842801094055175781e-01,9.731567502021789551e-01,9.827723503112792969e-01,9.842464327812194824e-01,8.861060142517089844e-01,9.843371510505676270e-01,9.843370914459228516e-01,9.842801094055175781e-01,9.842801094055175781e-01,9.842801094055175781e-01,9.842801094055175781e-01,9.842801094055175781e-01,9.842801094055175781e-01,9.842801094055175781e-01,9.842801094055175781e-01,9.842801094055175781e-01,9.842801094055175781e-01,9.842801094055175781e-01,9.842801094055175781e-01,9.842801094055175781e-01,9.842801094055175781e-01,9.846172332763671875e-01,9.842143058776855469e-01,9.842483401298522949e-01,9.498772621154785156e-01,9.835987687110900879e-01,9.839369654655456543e-01
9.701144695281982422e-01,9.701144695281982422e-01,9.701144695281982422e-01,8.867092132568359375e-01,9.616343975067138672e-01,1.000000000000000000e+00,9.611474871635437012e-01,9.832243323326110840e-01,9.771208167076110840e-01,9.737302660942077637e-01,9.719477295875549316e-01,9.710372090339660645e-01,9.705774784088134766e-01,9.703463912010192871e-01,9.702305793762207031e-01,9.701724648475646973e-01,9.701434969902038574e-01,9.701290130615234375e-01,9.701216816902160645e-01,9.701181054115295410e-01,9.701144695281982422e-01,9.701144695281982422e-01,9.701144695281982422e-01,9.766116142272949219e-01,9.301037788391113281e-01,9.478044509887695312e-01,9.365907311439514160e-01,9.751582741737365723e-01,9.670614600181579590e-01,9.686275124549865723e-01,9.693811535835266113e-01,9.697504043579101562e-01,9.699330925941467285e-01,9.700239300727844238e-01,9.700692296028137207e-01,9.700918197631835938e-01,9.701032042503356934e-01,9.701088070869445801e-01,9.701116681098937988e-01,9.701129794120788574e-01,9.701144695281982422e-01,9.701144695281982422e-01,9.701144695281982422e-01,9.701144695281982422e-01,9.478937983512878418e-01,9.584005475044250488e-01,5.145026445388793945e-01,9.439775347709655762e-01,9.580170512199401855e-01,9.643868803977966309e-01,9.673376083374023438e-01,9.687493443489074707e-01,9.694385528564453125e-01,9.697778820991516113e-01,9.699466824531555176e-01,9.700306057929992676e-01,9.700725674629211426e-01,9.660060405731201172e-01,9.692261815071105957e-01,9.696729779243469238e-01,9.701144695281982422e-01,9.701144695281982422e-01,9.701144695281982422e-01,9.701144695281982422e-01,9.701144695281982422e-01,9.701144695281982422e-01,9.701144695281982422e-01,9.701144695281982422e-01,9.701144695281982422e-01,9.701144695281982422e-01,9.701144695281982422e-01,9.701144695281982422e-01,9.701144695281982422e-01,9.701144695281982422e-01,9.701144695281982422e-01,9.701144695281982422e-01,9.677990078926086426e-01,9.336610436439514160e-01,9.690292477607727051e-01,9.696288108825683594e-01,9.701144695281982422e-01,9.701144695281982422e-01,9.701144695281982422e-01,9.701144695281982422e-01,9.701144695281982422e-01,9.701144695281982422e-01,9.701144695281982422e-01,9.701144695281982422e-01,9.701144695281982422e-01,9.701144695281982422e-01,9.701144695281982422e-01,9.701144695281982422e-01,9.701144695281982422e-01,9.701144695281982422e-01,9.701144695281982422e-01,9.718109965324401855e-01,9.720407128334045410e-01,8.633275032043457031e-01,9.680363535881042480e-01,9.691174030303955078e-01,9.701144695281982422e-01,9.701144695281982422e-01,9.701144695281982422e-01,9.701144695281982422e-01,9.701144695281982422e-01,9.701144695281982422e-01,9.701144695281982422e-01,9.701144695281982422e-01,9.701144695281982422e-01,9.701144695281982422e-01,9.701144695281982422e-01,9.701144695281982422e-01,9.701144695281982422e-01,9.701144695281982422e-01,9.644306302070617676e-01,9.733839035034179688e-01,9.700897336006164551e-01,8.824127316474914551e-01,9.682450890541076660e-01,9.691987037658691406e-01,9.701144695281982422e-01,9.701144695281982422e-01,9.701144695281982422e-01,9.701144695281982422e-01,9.701144695281982422e-01,9.701144695281982422e-01,9.701144695281982422e-01,9.701144695281982422e-01,9.701144695281982422e-01,9.701144695281982422e-01,9.701144695281982422e-01,9.701144695281982422e-01,9.701144695281982422e-01,9.701144695281982422e-01,9.718997478485107422e-01,9.705502390861511230e-01,9.703331589698791504e-01,9.325812458992004395e-01,9.688442349433898926e-01,9.694939255714416504e-01
9.188202023506164551e-01,9.188202023506164551e-01,9.188202023506164551e-01,8.047428727149963379e-01,9.365029335021972656e-01,9.611474871635437012e-01,1.000000000000000000e+00,9.359250664710998535e-01,9.278211593627929688e-01,9.234150052070617676e-01,9.211382865905761719e-01,9.199841618537902832e-01,9.194034934043884277e-01,9.191122055053710938e-01,9.189663529396057129e-01,9.188932776451110840e-01,9.188566803932189941e-01,9.188385009765625000e-01,9.188293814659118652e-01,9.188248515129089355e-01,9.188202023506164551e-01,9.188202023506164551e-01,9.188202023506164551e-01,9.290145039558410645e-01,8.933121562004089355e-01,8.813766837120056152e-01,8.950467109680175781e-01,9.309179186820983887e-01,9.136002659797668457e-01,9.162297844886779785e-01,9.175301194190979004e-01,9.181765913963317871e-01,9.184987545013427734e-01,9.186595082283020020e-01,9.187399744987487793e-01,9.187800288200378418e-01,9.188001751899719238e-01,9.188101291656494141e-01,9.188151359558105469e-01,9.188176989555358887e-01,9.188202023506164551e-01,9.188202023506164551e-01,9.188202023506164551e-01,9.188202023506164551e-01,8.941335678100585938e-01,9.038874506950378418e-01,4.476413428783416748e-01,8.811917304992675781e-01,9.004322886466979980e-01,9.097540974617004395e-01,9.143365025520324707e-01,9.165920615196228027e-01,9.177098870277404785e-01,9.182659983634948730e-01,9.185433983802795410e-01,9.186818599700927734e-01,9.187510609626770020e-01,9.152056574821472168e-01,9.171863198280334473e-01,9.180040359497070312e-01,9.188202023506164551e-01,9.188202023506164551e-01,9.188202023506164551e-01,9.188202023506164551e-01,9.188202023506164551e-01,9.188202023506164551e-01,9.188202023506164551e-01,9.188202023506164551e-01,9.188202023506164551e-01,9.188202023506164551e-01,9.188202023506164551e-01,9.188202023506164551e-01,9.188202023506164551e-01,9.188202023506164551e-01,9.188202023506164551e-01,9.188202023506164551e-01,9.124646186828613281e-01,8.674333095550537109e-01,9.182497859001159668e-01,9.185814261436462402e-01,9.188202023506164551e-01,9.188202023506164551e-01,9.188202023506164551e-01,9.188202023506164551e-01,9.188202023506164551e-01,9.188202023506164551e-01,9.188202023506164551e-01,9.188202023506164551e-01,9.188202023506164551e-01,9.188202023506164551e-01,9.188202023506164551e-01,9.188202023506164551e-01,9.188202023506164551e-01,9.188202023506164551e-01,9.188202023506164551e-01,9.173180460929870605e-01,9.229348301887512207e-01,8.173193931579589844e-01,9.159953594207763672e-01,9.174484610557556152e-01,9.188202023506164551e-01,9.188202023506164551e-01,9.188202023506164551e-01,9.188202023506164551e-01,9.188202023506164551e-01,9.188202023506164551e-01,9.188202023506164551e-01,9.188202023506164551e-01,9.188202023506164551e-01,9.188202023506164551e-01,9.188202023506164551e-01,9.188202023506164551e-01,9.188202023506164551e-01,9.188202023506164551e-01,9.101669788360595703e-01,9.204689860343933105e-01,9.186360239982604980e-01,8.412154316902160645e-01,9.162147045135498047e-01,9.175283312797546387e-01,9.188202023506164551e-01,9.188202023506164551e-01,9.188202023506164551e-01,9.188202023506164551e-01,9.188202023506164551e-01,9.188202023506164551e-01,9.188202023506164551e-01,9.188202023506164551e-01,9.188202023506164551e-01,9.188202023506164551e-01,9.188202023506164551e-01,9.188202023506164551e-01,9.188202023506164551e-01,9.188202023506164551e-01,9.202533364295959473e-01,9.193111062049865723e-01,9.190660119056701660e-01,8.609566688537597656e-01,9.155049324035644531e-01,9.171692728996276855e-01
9.976842999458312988e-01,9.976842999458312988e-01,9.976842999458312988e-01,9.173819422721862793e-01,9.834697842597961426e-01,9.832243323326110840e-01,9.359250664710998535e-01,1.000000000000000000e+00,9.994110465049743652e-01,9.986855387687683105e-01,9.982182979583740234e-01,9.979594349861145020e-01,9.978239536285400391e-01,9.977546334266662598e-01,9.977195858955383301e-01,9.977018833160400391e-01,9.976932406425476074e-01,9.976887702941894531e-01,9.976865649223327637e-01,9.976854324340820312e-01,9.976842999458312988e-01,9.976842999458312988e-01,9.976842999458312988e-01,9.983970522880554199e-01,9.621498584747314453e-01,9.818442463874816895e-01,9.645170569419860840e-01,9.918845295906066895e-01,9.966378211975097656e-01,9.972125887870788574e-01,9.974614977836608887e-01,9.975762963294982910e-01,9.976311326026916504e-01,9.976579546928405762e-01,9.976711273193359375e-01,9.976778030395507812e-01,9.976810812950134277e-01,9.976826310157775879e-01,9.976835250854492188e-01,9.976839423179626465e-01,9.976842999458312988e-01,9.976842999458312988e-01,9.976842999458312988e-01,9.976842999458312988e-01,9.728775620460510254e-01,9.886565208435058594e-01,5.503904819488525391e-01,9.844005703926086426e-01,9.925355911254882812e-01,9.955489635467529297e-01,9.967340826988220215e-01,9.972398281097412109e-01,9.974699616432189941e-01,9.975790977478027344e-01,9.976322650909423828e-01,9.976584315299987793e-01,9.976713657379150391e-01,9.951593875885009766e-01,9.973821043968200684e-01,9.975379109382629395e-01,9.976842999458312988e-01,9.976842999458312988e-01,9.976842999458312988e-01,9.976842999458312988e-01,9.976842999458312988e-01,9.976842999458312988e-01,9.976842999458312988e-01,9.976842999458312988e-01,9.976842999458312988e-01,9.976842999458312988e-01,9.976842999458312988e-01,9.976842999458312988e-01,9.976842999458312988e-01,9.976842999458312988e-01,9.976842999458312988e-01,9.976842999458312988e-01,9.960349202156066895e-01,9.691150784492492676e-01,9.972336888313293457e-01,9.975214600563049316e-01,9.976842999458312988e-01,9.976842999458312988e-01,9.976842999458312988e-01,9.976842999458312988e-01,9.976842999458312988e-01,9.976842999458312988e-01,9.976842999458312988e-01,9.976842999458312988e-01,9.976842999458312988e-01,9.976842999458312988e-01,9.976842999458312988e-01,9.976842999458312988e-01,9.976842999458312988e-01,9.976842999458312988e-01,9.976842999458312988e-01,9.970293641090393066e-01,9.976410865783691406e-01,9.048138260841369629e-01,9.970685839653015137e-01,9.974155426025390625e-01,9.976842999458312988e-01,9.976842999458312988e-01,9.976842999458312988e-01,9.976842999458312988e-01,9.976842999458312988e-01,9.976842999458312988e-01,9.976842999458312988e-01,9.976842999458312988e-01,9.976842999458312988e-01,9.976842999458312988e-01,9.976842999458312988e-01,9.976842999458312988e-01,9.976842999458312988e-01,9.976842999458312988e-01,9.911384582519531250e-01,9.977181553840637207e-01,9.976670145988464355e-01,8.990528583526611328e-01,9.971154332160949707e-01,9.974265694618225098e-01,9.976842999458312988e-01,9.976842999458312988e-01,9.976842999458312988e-01,9.976842999458312988e-01,9.976842999458312988e-01,9.976842999458312988e-01,9.976842999458312988e-01,9.976842999458312988e-01,9.976842999458312988e-01,9.976842999458312988e-01,9.976842999458312988e-01,9.976842999458312988e-01,9.976842999458312988e-01,9.976842999458312988e-01,9.971126914024353027e-01,9.978172183036804199e-01,9.977519512176513672e-01,9.677932262420654297e-01,9.972801208496093750e-01,9.975134730339050293e-01
9.994290471076965332e-01,9.994290471076965332e-01,9.994290471076965332e-01,9.195578694343566895e-01,9.844856262207031250e-01,9.771208167076110840e-01,9.278211593627929688e-01,9.994110465049743652e-01,1.000000000000000000e+00,9.998558163642883301e-01,9.996769428253173828e-01,9.995614886283874512e-01,9.994974136352539062e-01,9.994637966156005859e-01,9.994466304779052734e-01,9.994378089904785156e-01,9.994335174560546875e-01,9.994313120841979980e-01,9.994301795959472656e-01,9.994297027587890625e-01,9.994290471076965332e-01,9.994290471076965332e-01,9.994290471076965332e-01,9.987894892692565918e-01,9.630372524261474609e-01,9.854884147644042969e-01,9.656128883361816406e-01,9.911443591117858887e-01,9.987919926643371582e-01,9.991640448570251465e-01,9.993101954460144043e-01,9.993731379508972168e-01,9.994019865989685059e-01,9.994156360626220703e-01,9.994224905967712402e-01,9.994257092475891113e-01,9.994274973869323730e-01,9.994282722473144531e-01,9.994285702705383301e-01,9.994289278984069824e-01,9.994290471076965332e-01,9.994290471076965332e-01,9.994290471076965332e-01,9.994290471076965332e-01,9.732974171638488770e-01,9.907971024513244629e-01,5.584696531295776367e-01,9.891020655632019043e-01,9.958465695381164551e-01,9.980990886688232422e-01,9.988870620727539062e-01,9.991900324821472168e-01,9.993178248405456543e-01,9.993754029273986816e-01,9.994028210639953613e-01,9.994161725044250488e-01,9.994226098060607910e-01,9.973245263099670410e-01,9.992685317993164062e-01,9.993540644645690918e-01,9.994290471076965332e-01,9.994290471076965332e-01,9.994290471076965332e-01,9.994290471076965332e-01,9.994290471076965332e-01,9.994290471076965332e-01,9.994290471076965332e-01,9.994290471076965332e-01,9.994290471076965332e-01,9.994290471076965332e-01,9.994290471076965332e-01,9.994290471076965332e-01,9.994290471076965332e-01,9.994290471076965332e-01,9.994290471076965332e-01,9.994290471076965332e-01,9.980712532997131348e-01,9.744294285774230957e-01,9.990763664245605469e-01,9.993162751197814941e-01,9.994290471076965332e-01,9.994290471076965332e-01,9.994290471076965332e-01,9.994290471076965332e-01,9.994290471076965332e-01,9.994290471076965332e-01,9.994290471076965332e-01,9.994290471076965332e-01,9.994290471076965332e-01,9.994290471076965332e-01,9.994290471076965332e-01,9.994290471076965332e-01,9.994290471076965332e-01,9.994290471076965332e-01,9.994290471076965332e-01,9.983428120613098145e-01,9.989640116691589355e-01,9.082222580909729004e-01,9.990439414978027344e-01,9.992766380310058594e-01,9.994290471076965332e-01,9.994290471076965332e-01,9.994290471076965332e-01,9.994290471076965332e-01,9.994290471076965332e-01,9.994290471076965332e-01,9.994290471076965332e-01,9.994290471076965332e-01,9.994290471076965332e-01,9.994290471076965332e-01,9.994290471076965332e-01,9.994290471076965332e-01,9.994290471076965332e-01,9.994290471076965332e-01,9.929839968681335449e-01,9.989190101623535156e-01,9.994195103645324707e-01,8.986694216728210449e-01,9.990892410278320312e-01,9.992870688438415527e-01,9.994290471076965332e-01,9.994290471076965332e-01,9.994290471076965332e-01,9.994290471076965332e-01,9.994290471076965332e-01,9.994290471076965332e-01,9.994290471076965332e-01,9.994290471076965332e-01,9.994290471076965332e-01,9.994290471076965332e-01,9.994290471076965332e-01,9.994290471076965332e-01,9.994290471076965332e-01,9.994290471076965332e-01,9.980966448783874512e-01,9.994926452636718750e-01,9.994620680809020996e-01,9.704218506813049316e-01,9.991603493690490723e-01,9.993262887001037598e-01
9.998586177825927734e-01,9.998586177825927734e-01,9.998586177825927734e-01,9.203168749809265137e-01,9.845294356346130371e-01,9.737302660942077637e-01,9.234150052070617676e-01,9.986855387687683105e-01,9.998558163642883301e-01,1.000000000000000000e+00,9.999644160270690918e-01,9.999200701713562012e-01,9.998915195465087891e-01,9.998756051063537598e-01,9.998672604560852051e-01,9.998629689216613770e-01,9.998607635498046875e-01,9.998597502708435059e-01,9.998590946197509766e-01,9.998588562011718750e-01,9.998586177825927734e-01,9.998586177825927734e-01,9.998586177825927734e-01,9.985525012016296387e-01,9.630305767059326172e-01,9.869081377983093262e-01,9.656984210014343262e-01,9.903703331947326660e-01,9.994280934333801270e-01,9.996976852416992188e-01,9.997919201850891113e-01,9.998288154602050781e-01,9.998445510864257812e-01,9.998518824577331543e-01,9.998552799224853516e-01,9.998568892478942871e-01,9.998578429222106934e-01,9.998581409454345703e-01,9.998583197593688965e-01,9.998585581779479980e-01,9.998586177825927734e-01,9.998586177825927734e-01,9.998586177825927734e-01,9.998586177825927734e-01,9.730920195579528809e-01,9.914445877075195312e-01,5.623107552528381348e-01,9.910191893577575684e-01,9.970614314079284668e-01,9.989321827888488770e-01,9.995210766792297363e-01,9.997224807739257812e-01,9.997988343238830566e-01,9.998307824134826660e-01,9.998452067375183105e-01,9.998521208763122559e-01,9.998553395271301270e-01,9.979669451713562012e-01,9.997677803039550781e-01,9.998186230659484863e-01,9.998586177825927734e-01,9.998586177825927734e-01,9.998586177825927734e-01,9.998586177825927734e-01,9.998586177825927734e-01,9.998586177825927734e-01,9.998586177825927734e-01,9.998586177825927734e-01,9.998586177825927734e-01,9.998586177825927734e-01,9.998586177825927734e-01,9.998586177825927734e-01,9.998586177825927734e-01,9.998586177825927734e-01,9.998586177825927734e-01,9.998586177825927734e-01,9.986458420753479004e-01,9.766845703125000000e-01,9.995527267456054688e-01,9.997698664665222168e-01,9.998586177825927734e-01,9.998586177825927734e-01,9.998586177825927734e-01,9.998586177825927734e-01,9.998586177825927734e-01,9.998586177825927734e-01,9.998586177825927734e-01,9.998586177825927734e-01,9.998586177825927734e-01,9.998586177825927734e-01,9.998586177825927734e-01,9.998586177825927734e-01,9.998586177825927734e-01,9.998586177825927734e-01,9.998586177825927734e-01,9.985617995262145996e-01,9.991827011108398438e-01,9.094714522361755371e-01,9.995854496955871582e-01,9.997625350952148438e-01,9.998586177825927734e-01,9.998586177825927734e-01,9.998586177825927734e-01,9.998586177825927734e-01,9.998586177825927734e-01,9.998586177825927734e-01,9.998586177825927734e-01,9.998586177825927734e-01,9.998586177825927734e-01,9.998586177825927734e-01,9.998586177825927734e-01,9.998586177825927734e-01,9.998586177825927734e-01,9.998586177825927734e-01,9.934770464897155762e-01,9.990815520286560059e-01,9.998529553413391113e-01,8.981198668479919434e-01,9.996306300163269043e-01,9.997730255126953125e-01,9.998586177825927734e-01,9.998586177825927734e-01,9.998586177825927734e-01,9.998586177825927734e-01,9.998586177825927734e-01,9.998586177825927734e-01,9.998586177825927734e-01,9.998586177825927734e-01,9.998586177825927734e-01,9.998586177825927734e-01,9.998586177825927734e-01,9.998586177825927734e-01,9.998586177825927734e-01,9.998586177825927734e-01,9.981422424316406250e-01,9.998877644538879395e-01,9.998743534088134766e-01,9.712877273559570312e-01,9.996564984321594238e-01,9.997889399528503418e-01
9.999648928642272949e-01,9.999648928642272949e-01,9.999648928642272949e-01,9.206061959266662598e-01,9.844400286674499512e-01,9.719477295875549316e-01,9.211382865905761719e-01,9.982182979583740234e-01,9.996769428253173828e-01,9.999644160270690918e-01,1.000000000000000000e+00,9.999912381172180176e-01,9.999802112579345703e-01,9.999731183052062988e-01,9.999692440032958984e-01,9.999670982360839844e-01,9.999659657478332520e-01,9.999654889106750488e-01,9.999652504920959473e-01,9.999650120735168457e-01,9.999648928642272949e-01,9.999648928642272949e-01,9.999648928642272949e-01,9.983288645744323730e-01,9.629246592521667480e-01,9.875156283378601074e-01,9.656341671943664551e-01,9.898855090141296387e-01,9.996380805969238281e-01,9.998562932014465332e-01,9.999246001243591309e-01,9.999482631683349609e-01,9.999575018882751465e-01,9.999613761901855469e-01,9.999632239341735840e-01,9.999640583992004395e-01,9.999645352363586426e-01,9.999647140502929688e-01,9.999648928642272949e-01,9.999648928642272949e-01,9.999648928642272949e-01,9.999648928642272949e-01,9.999648928642272949e-01,9.999648928642272949e-01,9.728887677192687988e-01,9.916626811027526855e-01,5.641747713088989258e-01,9.918680191040039062e-01,9.975591301918029785e-01,9.992399215698242188e-01,9.997292160987854004e-01,9.998798966407775879e-01,9.999307990074157715e-01,9.999499917030334473e-01,9.999580383300781250e-01,9.999616146087646484e-01,9.999632835388183594e-01,9.981797337532043457e-01,9.999084472656250000e-01,9.999421238899230957e-01,9.999648928642272949e-01,9.999648928642272949e-01,9.999648928642272949e-01,9.999648928642272949e-01,9.999648928642272949e-01,9.999648928642272949e-01,9.999648928642272949e-01,9.999648928642272949e-01,9.999648928642272949e-01,9.999648928642272949e-01,9.999648928642272949e-01,9.999648928642272949e-01,9.999648928642272949e-01,9.999648928642272949e-01,9.999648928642272949e-01,9.999648928642272949e-01,9.988239407539367676e-01,9.777008891105651855e-01,9.996819496154785156e-01,9.998877644538879395e-01,9.999648928642272949e-01,9.999648928642272949e-01,9.999648928642272949e-01,9.999648928642272949e-01,9.999648928642272949e-01,9.999648928642272949e-01,9.999648928642272949e-01,9.999648928642272949e-01,9.999648928642272949e-01,9.999648928642272949e-01,9.999648928642272949e-01,9.999648928642272949e-01,9.999648928642272949e-01,9.999648928642272949e-01,9.999648928642272949e-01,9.985641837120056152e-01,9.991838335990905762e-01,9.099820256233215332e-01,9.997468590736389160e-01,9.998965859413146973e-01,9.999648928642272949e-01,9.999648928642272949e-01,9.999648928642272949e-01,9.999648928642272949e-01,9.999648928642272949e-01,9.999648928642272949e-01,9.999648928642272949e-01,9.999648928642272949e-01,9.999648928642272949e-01,9.999648928642272949e-01,9.999648928642272949e-01,9.999648928642272949e-01,9.999648928642272949e-01,9.999648928642272949e-01,9.936201572418212891e-01,9.990561604499816895e-01,9.999611973762512207e-01,8.977401256561279297e-01,9.997919201850891113e-01,9.999072551727294922e-01,9.999648928642272949e-01,9.999648928642272949e-01,9.999648928642272949e-01,9.999648928642272949e-01,9.999648928642272949e-01,9.999648928642272949e-01,9.999648928642272949e-01,9.999648928642272949e-01,9.999648928642272949e-01,9.999648928642272949e-01,9.999648928642272949e-01,9.999648928642272949e-01,9.999648928642272949e-01,9.999648928642272949e-01,9.980566501617431641e-01,9.999769330024719238e-01,9.999721646308898926e-01,9.716042876243591309e-01,9.997954368591308594e-01,9.999116063117980957e-01
