1.000000000000000000e+00,8.947634696960449219e-01,9.474489092826843262e-01,8.505425453186035156e-01,6.557860970497131348e-01,7.886071205139160156e-01,8.559415936470031738e-01,9.324832558631896973e-01,9.570584297180175781e-01,9.739222526550292969e-01,9.835553169250488281e-01,9.867588877677917480e-01,9.871495366096496582e-01,9.865579009056091309e-01,9.857770800590515137e-01,9.432361125946044922e-01,9.845501780509948730e-01,9.841940402984619141e-01,9.839617609977722168e-01,9.838150143623352051e-01,9.910544753074645996e-01,9.794351458549499512e-01,9.892584681510925293e-01,9.849713444709777832e-01,9.581596851348876953e-01,9.765270352363586426e-01,9.848046898841857910e-01,9.907893538475036621e-01,9.938397407531738281e-01,9.930076003074645996e-01,9.911343455314636230e-01,9.891657233238220215e-01,9.875763058662414551e-01,9.863074421882629395e-01,9.853674769401550293e-01,9.662978649139404297e-01,9.842875599861145020e-01,9.840136170387268066e-01,9.838433265686035156e-01,9.837396740913391113e-01,9.890481829643249512e-01,9.890737533569335938e-01,9.776855111122131348e-01,9.597478508949279785e-01,9.602329134941101074e-01,7.407432198524475098e-01,8.974415659904479980e-01,9.388155341148376465e-01,9.564447402954101562e-01,9.691120982170104980e-01,9.764800667762756348e-01,9.804533123970031738e-01,9.823557734489440918e-01,9.831671714782714844e-01,9.834849238395690918e-01,9.754545092582702637e-01,9.682891368865966797e-01,9.828786253929138184e-01,9.831236004829406738e-01,9.834032654762268066e-01,9.835904240608215332e-01,9.835904240608215332e-01,9.827507138252258301e-01,9.219887256622314453e-01,9.251795411109924316e-01,9.595036506652832031e-01,9.872912764549255371e-01,9.863355755805969238e-01,9.851975440979003906e-01,9.844534993171691895e-01,9.840369820594787598e-01,9.838175773620605469e-01,9.837049841880798340e-01,9.836480021476745605e-01,9.836282730102539062e-01,9.641209244728088379e-01,9.655167460441589355e-01,9.821489453315734863e-01,9.838173985481262207e-01,9.847149848937988281e-01,9.835904240608215332e-01,9.835904240608215332e-01,9.676745533943176270e-01,9.581874012947082520e-01,9.886283278465270996e-01,9.847906231880187988e-01,9.842199683189392090e-01,9.839126467704772949e-01,9.837534427642822266e-01,9.836723208427429199e-01,9.836316108703613281e-01,9.836111068725585938e-01,9.836008548736572266e-01,9.811450839042663574e-01,9.837748408317565918e-01,9.747789502143859863e-01,9.600203633308410645e-01,9.749854207038879395e-01,9.782195091247558594e-01,9.814706444740295410e-01,9.835904240608215332e-01,9.835904240608215332e-01,9.866166114807128906e-01,9.894781112670898438e-01,9.835904240608215332e-01,9.835904240608215332e-01,9.835904240608215332e-01,9.835904240608215332e-01,9.835904240608215332e-01,9.835904240608215332e-01,9.835904240608215332e-01,9.835904240608215332e-01,9.816968441009521484e-01,9.641647934913635254e-01,9.846232533454895020e-01,9.594569206237792969e-01,9.276856780052185059e-01,9.679691791534423828e-01,9.750315546989440918e-01,9.800570607185363770e-01,9.814845919609069824e-01,9.840437769889831543e-01,9.857528805732727051e-01,9.876917004585266113e-01,9.858729243278503418e-01,9.847903251647949219e-01,9.842050671577453613e-01,9.839015007019042969e-01,9.837469458580017090e-01,9.836689829826354980e-01,9.836298823356628418e-01,9.875342845916748047e-01,9.685711860656738281e-01,9.825078845024108887e-01,9.921637177467346191e-01,9.740337729454040527e-01,9.804880023002624512e-01,9.606275558471679688e-01,9.465628266334533691e-01,9.569802880287170410e-01
8.947634696960449219e-01,1.000000000000000000e+00,9.399847984313964844e-01,7.502707839012145996e-01,6.173830628395080566e-01,6.867327094078063965e-01,7.641070485115051270e-01,8.349478244781494141e-01,8.656792640686035156e-01,8.898680806159973145e-01,9.118807911872863770e-01,9.246630668640136719e-01,9.319170117378234863e-01,9.362332820892333984e-01,9.388361573219299316e-01,9.477493762969970703e-01,9.415636062622070312e-01,9.421908855438232422e-01,9.425714612007141113e-01,9.428012967109680176e-01,9.079630374908447266e-01,9.238123893737792969e-01,8.841453194618225098e-01,8.929854035377502441e-01,8.650419116020202637e-01,8.689827919006347656e-01,8.664948940277099609e-01,8.809914588928222656e-01,9.014121890068054199e-01,9.160488247871398926e-01,9.254816174507141113e-01,9.318206906318664551e-01,9.359030723571777344e-01,9.386411309242248535e-01,9.403948187828063965e-01,9.082668423652648926e-01,9.421513080596923828e-01,9.425546526908874512e-01,9.427956938743591309e-01,9.429386258125305176e-01,8.716599345207214355e-01,8.639524579048156738e-01,8.360701203346252441e-01,8.109338283538818359e-01,8.457360267639160156e-01,7.511931061744689941e-01,9.165313243865966797e-01,9.365849494934082031e-01,9.410986304283142090e-01,9.435880184173583984e-01,9.446535110473632812e-01,9.445708394050598145e-01,9.441890716552734375e-01,9.438385963439941406e-01,9.435503482818603516e-01,9.036672711372375488e-01,9.079957604408264160e-01,9.410192966461181641e-01,9.412871003150939941e-01,9.415268898010253906e-01,9.431366920471191406e-01,9.431366920471191406e-01,8.923730850219726562e-01,7.690812945365905762e-01,8.346098065376281738e-01,8.653491139411926270e-01,9.250466227531433105e-01,9.345461726188659668e-01,9.389824867248535156e-01,9.410970211029052734e-01,9.421265125274658203e-01,9.426341056823730469e-01,9.428860545158386230e-01,9.430115818977355957e-01,9.432380199432373047e-01,9.485611319541931152e-01,9.614369869232177734e-01,9.427008628845214844e-01,9.433660507202148438e-01,9.436178207397460938e-01,9.431366920471191406e-01,9.431366920471191406e-01,9.632174968719482422e-01,8.519997596740722656e-01,9.331643581390380859e-01,9.406501650810241699e-01,9.419031143188476562e-01,9.425224661827087402e-01,9.428303241729736328e-01,9.429836273193359375e-01,9.430603384971618652e-01,9.430985450744628906e-01,9.431176781654357910e-01,9.491782784461975098e-01,9.421625137329101562e-01,9.435316920280456543e-01,9.475097656250000000e-01,9.456713795661926270e-01,9.442017078399658203e-01,9.435198903083801270e-01,9.431366920471191406e-01,9.431366920471191406e-01,9.160162806510925293e-01,9.322593808174133301e-01,9.431366920471191406e-01,9.431366920471191406e-01,9.431366920471191406e-01,9.431366920471191406e-01,9.431366920471191406e-01,9.431366920471191406e-01,9.431366920471191406e-01,9.431366920471191406e-01,9.123595356941223145e-01,9.265958666801452637e-01,9.418067932128906250e-01,8.924022316932678223e-01,9.310168623924255371e-01,9.460145831108093262e-01,9.460511207580566406e-01,9.452700614929199219e-01,8.749868273735046387e-01,8.823890686035156250e-01,9.187226295471191406e-01,9.349010586738586426e-01,9.391970634460449219e-01,9.412130713462829590e-01,9.421865940093994141e-01,9.426646232604980469e-01,9.429015517234802246e-01,9.430193901062011719e-01,9.430781006813049316e-01,9.204210638999938965e-01,8.696809411048889160e-01,8.591825366020202637e-01,8.900235295295715332e-01,9.043316841125488281e-01,9.217494130134582520e-01,9.477160573005676270e-01,9.421818256378173828e-01,9.380978941917419434e-01
9.474489092826843262e-01,9.399847984313964844e-01,1.000000000000000000e+00,8.048085570335388184e-01,6.370581984519958496e-01,7.453336715698242188e-01,8.090980648994445801e-01,8.922688961029052734e-01,9.164696335792541504e-01,9.351072311401367188e-01,9.509103894233703613e-01,9.584396481513977051e-01,9.626700282096862793e-01,9.649128317832946777e-01,9.661142230033874512e-01,9.210016131401062012e-01,9.672555327415466309e-01,9.674889445304870605e-01,9.676237106323242188e-01,9.677021503448486328e-01,9.500696063041687012e-01,9.326272010803222656e-01,9.396142363548278809e-01,9.429192543029785156e-01,9.009575247764587402e-01,9.297813773155212402e-01,9.343373179435729980e-01,9.432625770568847656e-01,9.525789618492126465e-01,9.576745629310607910e-01,9.605245590209960938e-01,9.623450636863708496e-01,9.639907479286193848e-01,9.652935862541198730e-01,9.661912322044372559e-01,9.512760043144226074e-01,9.671714305877685547e-01,9.674174785614013672e-01,9.675716757774353027e-01,9.676669239997863770e-01,9.451296925544738770e-01,9.407861828804016113e-01,9.017896056175231934e-01,9.223337769508361816e-01,9.036147594451904297e-01,7.918081283569335938e-01,8.785265088081359863e-01,9.110705256462097168e-01,9.258480072021484375e-01,9.392850995063781738e-01,9.495757222175598145e-01,9.563922882080078125e-01,9.608071446418762207e-01,9.636263847351074219e-01,9.653289318084716797e-01,9.512581825256347656e-01,9.268555045127868652e-01,9.652048945426940918e-01,9.654957652091979980e-01,9.657966494560241699e-01,9.678108692169189453e-01,9.678108692169189453e-01,9.629271626472473145e-01,8.564055562019348145e-01,8.918121457099914551e-01,9.248027801513671875e-01,9.629871249198913574e-01,9.656338691711425781e-01,9.668464660644531250e-01,9.673638343811035156e-01,9.675963521003723145e-01,9.677059054374694824e-01,9.677588939666748047e-01,9.677849411964416504e-01,9.678053855895996094e-01,9.455240368843078613e-01,9.661598801612854004e-01,9.639759063720703125e-01,9.650550484657287598e-01,9.662874341011047363e-01,9.678108692169189453e-01,9.678108692169189453e-01,9.737999439239501953e-01,9.364988803863525391e-01,9.622551798820495605e-01,9.662971496582031250e-01,9.670704007148742676e-01,9.674448966979980469e-01,9.676289558410644531e-01,9.677202105522155762e-01,9.677655100822448730e-01,9.677880406379699707e-01,9.677994847297668457e-01,9.694369435310363770e-01,9.660105705261230469e-01,9.531322121620178223e-01,9.565706849098205566e-01,9.600688815116882324e-01,9.620922207832336426e-01,9.639749526977539062e-01,9.678108692169189453e-01,9.678108692169189453e-01,9.705616831779479980e-01,9.625981450080871582e-01,9.678108692169189453e-01,9.678108692169189453e-01,9.678108692169189453e-01,9.678108692169189453e-01,9.678108692169189453e-01,9.678108692169189453e-01,9.678108692169189453e-01,9.678108692169189453e-01,9.528000950813293457e-01,9.466307163238525391e-01,9.666031002998352051e-01,9.375481605529785156e-01,9.284151196479797363e-01,9.575312733650207520e-01,9.604773521423339844e-01,9.624843001365661621e-01,9.304439425468444824e-01,9.400206208229064941e-01,9.641707539558410645e-01,9.649559855461120605e-01,9.665723443031311035e-01,9.672399163246154785e-01,9.675376415252685547e-01,9.676772952079772949e-01,9.677448272705078125e-01,9.677780270576477051e-01,9.677944183349609375e-01,9.660789370536804199e-01,9.368643760681152344e-01,9.273064732551574707e-01,9.447895884513854980e-01,9.364461898803710938e-01,9.475728869438171387e-01,9.342777132987976074e-01,9.224216938018798828e-01,9.245820045471191406e-01
8.505425453186035156e-01,7.502707839012145996e-01,8.048085570335388184e-01,1.000000000000000000e+00,8.620755076408386230e-01,9.088508486747741699e-01,9.240254759788513184e-01,9.552572369575500488e-01,9.366984367370605469e-01,9.174370169639587402e-01,8.956254124641418457e-01,8.796140551567077637e-01,8.678008913993835449e-01,8.597178459167480469e-01,8.543689846992492676e-01,8.036697506904602051e-01,8.487476706504821777e-01,8.473820090293884277e-01,8.465408682823181152e-01,8.460293412208557129e-01,8.775243759155273438e-01,7.826640009880065918e-01,8.552051186561584473e-01,8.548392653465270996e-01,9.324571490287780762e-01,8.609721064567565918e-01,8.855395317077636719e-01,8.806119561195373535e-01,8.683211803436279297e-01,8.605785369873046875e-01,8.566634654998779297e-01,8.537545204162597656e-01,8.510279059410095215e-01,8.490921854972839355e-01,8.477504849433898926e-01,8.253516554832458496e-01,8.462505340576171875e-01,8.458728790283203125e-01,8.456376194953918457e-01,8.454935550689697266e-01,8.760001659393310547e-01,8.737458586692810059e-01,8.269278407096862793e-01,8.780030608177185059e-01,8.686458468437194824e-01,6.864197850227355957e-01,8.011913299560546875e-01,8.252139687538146973e-01,8.310492634773254395e-01,8.370688557624816895e-01,8.406030535697937012e-01,8.425484299659729004e-01,8.436676859855651855e-01,8.444218635559082031e-01,8.448114991188049316e-01,8.435953259468078613e-01,8.853930830955505371e-01,8.515561223030090332e-01,8.514452576637268066e-01,8.511712551116943359e-01,8.452823758125305176e-01,8.452823758125305176e-01,8.388015627861022949e-01,9.390034675598144531e-01,9.385729432106018066e-01,9.220702052116394043e-01,8.645303845405578613e-01,8.552052974700927734e-01,8.503961563110351562e-01,8.478765487670898438e-01,8.465888500213623047e-01,8.459379076957702637e-01,8.456106781959533691e-01,8.454467654228210449e-01,8.449680209159851074e-01,7.711623311042785645e-01,7.899899482727050781e-01,8.285517692565917969e-01,8.240229487419128418e-01,8.237447142601013184e-01,8.452823758125305176e-01,8.452823758125305176e-01,8.129913210868835449e-01,8.724233508110046387e-01,8.561462759971618652e-01,8.492425084114074707e-01,8.472868800163269043e-01,8.462907671928405762e-01,8.457881808280944824e-01,8.455355763435363770e-01,8.454090952873229980e-01,8.453457951545715332e-01,8.453140854835510254e-01,8.369852900505065918e-01,8.373619914054870605e-01,7.852854132652282715e-01,7.540116310119628906e-01,7.846782207489013672e-01,7.917907834053039551e-01,8.024275898933410645e-01,8.452823758125305176e-01,8.452823758125305176e-01,8.509815335273742676e-01,8.523861765861511230e-01,8.452823758125305176e-01,8.452823758125305176e-01,8.452823758125305176e-01,8.452823758125305176e-01,8.452823758125305176e-01,8.452823758125305176e-01,8.452823758125305176e-01,8.452823758125305176e-01,8.817932009696960449e-01,8.458396792411804199e-01,8.486136794090270996e-01,7.905820012092590332e-01,7.065182328224182129e-01,7.628027796745300293e-01,7.787988781929016113e-01,7.947872281074523926e-01,8.841071724891662598e-01,8.556070327758789062e-01,8.344427943229675293e-01,8.540945649147033691e-01,8.498039841651916504e-01,8.475717902183532715e-01,8.464341163635253906e-01,8.458600044250488281e-01,8.455716967582702637e-01,8.454270958900451660e-01,8.453548550605773926e-01,8.594673275947570801e-01,8.825135231018066406e-01,8.789992332458496094e-01,8.537753224372863770e-01,8.139500617980957031e-01,7.831647992134094238e-01,7.730514407157897949e-01,7.323064208030700684e-01,7.675500512123107910e-01
6.557860970497131348e-01,6.173830628395080566e-01,6.370581984519958496e-01,8.620755076408386230e-01,1.000000000000000000e+00,7.858621478080749512e-01,7.342794537544250488e-01,7.721371650695800781e-01,7.469323277473449707e-01,7.258830666542053223e-01,7.105610370635986328e-01,6.992795467376708984e-01,6.913127899169921875e-01,6.860248446464538574e-01,6.826267242431640625e-01,6.445080637931823730e-01,6.792747974395751953e-01,6.784756779670715332e-01,6.779878139495849609e-01,6.776931881904602051e-01,6.943871974945068359e-01,6.105262041091918945e-01,6.778652071952819824e-01,6.687034964561462402e-01,7.523386478424072266e-01,6.739587783813476562e-01,6.838634610176086426e-01,6.819599270820617676e-01,6.794179081916809082e-01,6.792275905609130859e-01,6.798394322395324707e-01,6.800718307495117188e-01,6.793116927146911621e-01,6.787161231040954590e-01,6.782689094543457031e-01,6.534577012062072754e-01,6.776975989341735840e-01,6.775388717651367188e-01,6.774355769157409668e-01,6.773700118064880371e-01,6.827082633972167969e-01,6.808636784553527832e-01,6.384122967720031738e-01,7.028380036354064941e-01,6.976625919342041016e-01,6.296215057373046875e-01,6.604263782501220703e-01,6.678380370140075684e-01,6.631443500518798828e-01,6.644931435585021973e-01,6.672955155372619629e-01,6.696284413337707520e-01,6.717916131019592285e-01,6.737170219421386719e-01,6.750183105468750000e-01,6.566868424415588379e-01,6.672495007514953613e-01,6.818855404853820801e-01,6.812865138053894043e-01,6.805955767631530762e-01,6.772680878639221191e-01,6.772680878639221191e-01,6.680598258972167969e-01,7.321440577507019043e-01,8.057845234870910645e-01,7.518536448478698730e-01,6.910608410835266113e-01,6.838427186012268066e-01,6.806102395057678223e-01,6.789528727531433105e-01,6.781139373779296875e-01,6.776919364929199219e-01,6.774802207946777344e-01,6.773743033409118652e-01,6.766605377197265625e-01,6.135115623474121094e-01,6.348195672035217285e-01,6.529589295387268066e-01,6.477416753768920898e-01,6.484157443046569824e-01,6.772680878639221191e-01,6.772680878639221191e-01,6.550221443176269531e-01,7.426713109016418457e-01,6.812927126884460449e-01,6.792572140693664551e-01,6.782764792442321777e-01,6.777758598327636719e-01,6.775228977203369141e-01,6.773957610130310059e-01,6.773319244384765625e-01,6.773000359535217285e-01,6.772841811180114746e-01,6.687111258506774902e-01,6.728464961051940918e-01,6.113135814666748047e-01,5.989657640457153320e-01,6.173548698425292969e-01,6.219972968101501465e-01,6.308677792549133301e-01,6.772680878639221191e-01,6.772680878639221191e-01,6.798700690269470215e-01,6.789388656616210938e-01,6.772680878639221191e-01,6.772680878639221191e-01,6.772680878639221191e-01,6.772680878639221191e-01,6.772680878639221191e-01,6.772680878639221191e-01,6.772680878639221191e-01,6.772680878639221191e-01,6.888487339019775391e-01,6.910681724548339844e-01,6.729807257652282715e-01,6.261019706726074219e-01,5.661624670028686523e-01,6.009445786476135254e-01,6.090388894081115723e-01,6.209445595741271973e-01,6.566030383110046387e-01,6.296994686126708984e-01,6.529563069343566895e-01,6.734485030174255371e-01,6.753551363945007324e-01,6.763113141059875488e-01,6.767897605895996094e-01,6.770289540290832520e-01,6.771485805511474609e-01,6.772084236145019531e-01,6.772382259368896484e-01,6.847285628318786621e-01,6.923649907112121582e-01,6.726418137550354004e-01,6.563534140586853027e-01,6.302292346954345703e-01,5.935317873954772949e-01,6.074771285057067871e-01,5.621092319488525391e-01,5.973594188690185547e-01
7.886071205139160156e-01,6.867327094078063965e-01,7.453336715698242188e-01,9.088508486747741699e-01,7.858621478080749512e-01,1.000000000000000000e+00,9.199705123901367188e-01,9.096896648406982422e-01,8.895131945610046387e-01,8.624808192253112793e-01,8.356513977050781250e-01,8.180332183837890625e-01,8.053059577941894531e-01,7.966427803039550781e-01,7.909100651741027832e-01,7.457166314125061035e-01,7.849126458168029785e-01,7.834481596946716309e-01,7.825438380241394043e-01,7.819927334785461426e-01,8.114203810691833496e-01,7.311241626739501953e-01,7.881610989570617676e-01,7.713451981544494629e-01,8.647319674491882324e-01,8.246588110923767090e-01,8.361899256706237793e-01,8.285124301910400391e-01,8.104301095008850098e-01,7.995507121086120605e-01,7.935317158699035645e-01,7.894104123115539551e-01,7.865869402885437012e-01,7.847134470939636230e-01,7.834466099739074707e-01,7.648546099662780762e-01,7.820590138435363770e-01,7.817150950431823730e-01,7.815023064613342285e-01,7.813727855682373047e-01,8.343772888183593750e-01,8.360731601715087891e-01,7.707094550132751465e-01,8.442907333374023438e-01,8.546069264411926270e-01,7.523933053016662598e-01,7.437372207641601562e-01,7.543315887451171875e-01,7.557434439659118652e-01,7.616173624992370605e-01,7.677430510520935059e-01,7.722053527832031250e-01,7.753779292106628418e-01,7.776465415954589844e-01,7.790567278861999512e-01,7.769532799720764160e-01,8.252655863761901855e-01,7.868987917900085449e-01,7.869883179664611816e-01,7.869076132774353027e-01,7.811850905418395996e-01,7.811850905418395996e-01,7.992062568664550781e-01,9.167967438697814941e-01,8.887742161750793457e-01,8.727183938026428223e-01,8.017802238464355469e-01,7.912120819091796875e-01,7.863214612007141113e-01,7.837855219841003418e-01,7.824933528900146484e-01,7.818410992622375488e-01,7.815135121345520020e-01,7.813494205474853516e-01,7.809054255485534668e-01,7.056252360343933105e-01,7.298223376274108887e-01,7.681984901428222656e-01,7.641096711158752441e-01,7.637702822685241699e-01,7.811850905418395996e-01,7.811850905418395996e-01,7.541193366050720215e-01,8.264597058296203613e-01,7.915924191474914551e-01,7.846444249153137207e-01,7.829335331916809082e-01,7.820640206336975098e-01,7.816257476806640625e-01,7.814056873321533203e-01,7.812954783439636230e-01,7.812402248382568359e-01,7.812128067016601562e-01,7.734770178794860840e-01,7.787531018257141113e-01,7.332041859626770020e-01,7.076866626739501953e-01,7.315947413444519043e-01,7.366747856140136719e-01,7.452260851860046387e-01,7.811850905418395996e-01,7.811850905418395996e-01,7.976884245872497559e-01,7.901232242584228516e-01,7.811850905418395996e-01,7.811850905418395996e-01,7.811850905418395996e-01,7.811850905418395996e-01,7.811850905418395996e-01,7.811850905418395996e-01,7.811850905418395996e-01,7.811850905418395996e-01,8.234550356864929199e-01,7.775228619575500488e-01,7.812004089355468750e-01,7.415468692779541016e-01,6.625061035156250000e-01,7.136187553405761719e-01,7.265043258666992188e-01,7.396313548088073730e-01,8.249258399009704590e-01,8.083772659301757812e-01,7.769994735717773438e-01,7.893841266632080078e-01,7.853382229804992676e-01,7.832745909690856934e-01,7.822329401969909668e-01,7.817098498344421387e-01,7.814475893974304199e-01,7.813163399696350098e-01,7.812507152557373047e-01,8.007492423057556152e-01,8.371305465698242188e-01,8.443460464477539062e-01,8.064076304435729980e-01,7.701403498649597168e-01,7.463362812995910645e-01,7.083017230033874512e-01,6.764958500862121582e-01,7.100756764411926270e-01
8.559415936470031738e-01,7.641070485115051270e-01,8.090980648994445801e-01,9.240254759788513184e-01,7.342794537544250488e-01,9.199705123901367188e-01,1.000000000000000000e+00,9.566417336463928223e-01,9.451857209205627441e-01,9.270575046539306641e-01,9.047314524650573730e-01,8.860194087028503418e-01,8.727646470069885254e-01,8.636760711669921875e-01,8.576615452766418457e-01,8.219995498657226562e-01,8.513500094413757324e-01,8.498180508613586426e-01,8.488751053810119629e-01,8.483019471168518066e-01,8.761999011039733887e-01,8.123245239257812500e-01,8.639103770256042480e-01,8.468489050865173340e-01,9.299235343933105469e-01,8.612422347068786621e-01,8.836318850517272949e-01,8.803336024284362793e-01,8.695772290229797363e-01,8.624193668365478516e-01,8.580954670906066895e-01,8.548574447631835938e-01,8.524152636528015137e-01,8.507359027862548828e-01,8.495796322822570801e-01,8.192725181579589844e-01,8.482942581176757812e-01,8.479714393615722656e-01,8.477702140808105469e-01,8.476469516754150391e-01,8.822460770606994629e-01,8.789682388305664062e-01,8.142897486686706543e-01,8.621582984924316406e-01,9.051022529602050781e-01,7.463695406913757324e-01,7.996490597724914551e-01,8.353149294853210449e-01,8.394790291786193848e-01,8.434093594551086426e-01,8.457922935485839844e-01,8.469648361206054688e-01,8.474242091178894043e-01,8.475785255432128906e-01,8.475862145423889160e-01,8.199685215950012207e-01,9.081764221191406250e-01,8.527050614356994629e-01,8.530148863792419434e-01,8.532313704490661621e-01,8.474655747413635254e-01,8.474655747413635254e-01,8.542863726615905762e-01,9.286890029907226562e-01,9.236586689949035645e-01,9.198442101478576660e-01,8.646780848503112793e-01,8.563156723976135254e-01,8.520287871360778809e-01,8.497820496559143066e-01,8.486326336860656738e-01,8.480513095855712891e-01,8.477589488029479980e-01,8.476123809814453125e-01,8.473140597343444824e-01,7.961470484733581543e-01,8.029131293296813965e-01,8.414419293403625488e-01,8.365972638130187988e-01,8.348191380500793457e-01,8.474655747413635254e-01,8.474655747413635254e-01,8.209444880485534668e-01,8.531708121299743652e-01,8.583226799964904785e-01,8.516725897789001465e-01,8.495903015136718750e-01,8.485332131385803223e-01,8.480008244514465332e-01,8.477334976196289062e-01,8.475996851921081543e-01,8.475327491760253906e-01,8.474991917610168457e-01,8.408570289611816406e-01,8.433058857917785645e-01,7.986299395561218262e-01,7.694658637046813965e-01,7.978842258453369141e-01,8.036556243896484375e-01,8.127889633178710938e-01,8.474655747413635254e-01,8.474655747413635254e-01,8.487055301666259766e-01,8.549607396125793457e-01,8.474655747413635254e-01,8.474655747413635254e-01,8.474655747413635254e-01,8.474655747413635254e-01,8.474655747413635254e-01,8.474655747413635254e-01,8.474655747413635254e-01,8.474655747413635254e-01,8.818851113319396973e-01,8.336130976676940918e-01,8.502080440521240234e-01,7.759154438972473145e-01,7.188125252723693848e-01,7.757103443145751953e-01,7.906765341758728027e-01,8.050062060356140137e-01,8.927850723266601562e-01,8.687320351600646973e-01,8.448053002357482910e-01,8.579570651054382324e-01,8.528566360473632812e-01,8.501970171928405762e-01,8.488402366638183594e-01,8.481552600860595703e-01,8.478109836578369141e-01,8.476384282112121582e-01,8.475520610809326172e-01,8.627681732177734375e-01,8.900313377380371094e-01,8.995914459228515625e-01,8.747099041938781738e-01,8.554632067680358887e-01,8.244902491569519043e-01,7.967314720153808594e-01,7.580680847167968750e-01,7.829127907752990723e-01
9.324832558631896973e-01,8.349478244781494141e-01,8.922688961029052734e-01,9.552572369575500488e-01,7.721371650695800781e-01,9.096896648406982422e-01,9.566417336463928223e-01,1.000000000000000000e+00,9.953054785728454590e-01,9.852927327156066895e-01,9.711105823516845703e-01,9.588551521301269531e-01,9.494370818138122559e-01,9.427559375762939453e-01,9.382410049438476562e-01,8.894440531730651855e-01,9.333966374397277832e-01,9.322100281715393066e-01,9.314778447151184082e-01,9.310322403907775879e-01,9.516536593437194824e-01,8.812861442565917969e-01,9.313128590583801270e-01,9.263156056404113770e-01,9.755411744117736816e-01,9.367832541465759277e-01,9.578537344932556152e-01,9.576854109764099121e-01,9.501631259918212891e-01,9.444159865379333496e-01,9.406659007072448730e-01,9.377893805503845215e-01,9.354209899902343750e-01,9.337193369865417480e-01,9.325358271598815918e-01,9.151719212532043457e-01,9.312203526496887207e-01,9.308915138244628906e-01,9.306874275207519531e-01,9.305629730224609375e-01,9.530701637268066406e-01,9.510009884834289551e-01,8.944383263587951660e-01,9.369035363197326660e-01,9.493299126625061035e-01,7.548123002052307129e-01,8.730838894844055176e-01,9.039217829704284668e-01,9.130169749259948730e-01,9.207040667533874512e-01,9.253026843070983887e-01,9.277817606925964355e-01,9.290640354156494141e-01,9.297564625740051270e-01,9.300773143768310547e-01,9.228407740592956543e-01,9.607046246528625488e-01,9.353211522102355957e-01,9.354379773139953613e-01,9.353942275047302246e-01,9.303819537162780762e-01,9.303819537162780762e-01,9.278170466423034668e-01,9.658296704292297363e-01,9.672767519950866699e-01,9.784123897552490234e-01,9.441487193107604980e-01,9.375242590904235840e-01,9.341346621513366699e-01,9.323034882545471191e-01,9.313540458679199219e-01,9.308708310127258301e-01,9.306270480155944824e-01,9.305047392845153809e-01,9.301853179931640625e-01,8.657740950584411621e-01,8.893427848815917969e-01,9.230222702026367188e-01,9.189903140068054199e-01,9.179019927978515625e-01,9.303819537162780762e-01,9.303819537162780762e-01,9.048337936401367188e-01,9.297210574150085449e-01,9.380181431770324707e-01,9.332878589630126953e-01,9.318616986274719238e-01,9.311285614967346191e-01,9.307570457458496094e-01,9.305698871612548828e-01,9.304759502410888672e-01,9.304289817810058594e-01,9.304054379463195801e-01,9.243078231811523438e-01,9.240789413452148438e-01,8.844070434570312500e-01,8.575380444526672363e-01,8.841612935066223145e-01,8.903546929359436035e-01,8.992841243743896484e-01,9.303819537162780762e-01,9.303819537162780762e-01,9.332942366600036621e-01,9.354650378227233887e-01,9.303819537162780762e-01,9.303819537162780762e-01,9.303819537162780762e-01,9.303819537162780762e-01,9.303819537162780762e-01,9.303819537162780762e-01,9.303819537162780762e-01,9.303819537162780762e-01,9.618607163429260254e-01,9.295198917388916016e-01,9.325080513954162598e-01,8.822019100189208984e-01,8.064401745796203613e-01,8.647814393043518066e-01,8.796845078468322754e-01,8.936009407043457031e-01,9.590861797332763672e-01,9.392783045768737793e-01,9.242982864379882812e-01,9.383198618888854980e-01,9.345238208770751953e-01,9.324960708618164062e-01,9.314497113227844238e-01,9.309186339378356934e-01,9.306508898735046387e-01,9.305166602134704590e-01,9.304493069648742676e-01,9.408013224601745605e-01,9.433479905128479004e-01,9.567130208015441895e-01,9.414322376251220703e-01,9.077990055084228516e-01,8.914446830749511719e-01,8.744047284126281738e-01,8.367926478385925293e-01,8.634732365608215332e-01
9.570584297180175781e-01,8.656792640686035156e-01,9.164696335792541504e-01,9.366984367370605469e-01,7.469323277473449707e-01,8.895131945610046387e-01,9.451857209205627441e-01,9.953054785728454590e-01,1.000000000000000000e+00,9.967713952064514160e-01,9.881122112274169922e-01,9.793064594268798828e-01,9.719472527503967285e-01,9.665016531944274902e-01,9.627227783203125000e-01,9.154686331748962402e-01,9.585552811622619629e-01,9.575209617614746094e-01,9.568796157836914062e-01,9.564881324768066406e-01,9.734681248664855957e-01,9.141812324523925781e-01,9.548521041870117188e-01,9.496914744377136230e-01,9.822865128517150879e-01,9.526999592781066895e-01,9.720152020454406738e-01,9.744341373443603516e-01,9.707713127136230469e-01,9.672667384147644043e-01,9.645797610282897949e-01,9.623253345489501953e-01,9.603851437568664551e-01,9.589228034019470215e-01,9.578750729560852051e-01,9.404640197753906250e-01,9.566864967346191406e-01,9.563851952552795410e-01,9.561972618103027344e-01,9.560822844505310059e-01,9.722787737846374512e-01,9.701237678527832031e-01,9.173257350921630859e-01,9.480662345886230469e-01,9.602572321891784668e-01,7.661027908325195312e-01,8.919263482093811035e-01,9.262749552726745605e-01,9.370812773704528809e-01,9.457367062568664551e-01,9.507856369018554688e-01,9.534680843353271484e-01,9.547917842864990234e-01,9.554386734962463379e-01,9.557139277458190918e-01,9.466295838356018066e-01,9.766544699668884277e-01,9.597465395927429199e-01,9.598968625068664551e-01,9.599228501319885254e-01,9.559142589569091797e-01,9.559142589569091797e-01,9.517759680747985840e-01,9.614021778106689453e-01,9.708887934684753418e-01,9.870637059211730957e-01,9.674646258354187012e-01,9.621245861053466797e-01,9.592178463935852051e-01,9.576156139373779297e-01,9.567773938179016113e-01,9.563488960266113281e-01,9.561324119567871094e-01,9.560235142707824707e-01,9.557721018791198730e-01,9.009625911712646484e-01,9.210900664329528809e-01,9.510177969932556152e-01,9.478161931037902832e-01,9.468186497688293457e-01,9.559142589569091797e-01,9.559142589569091797e-01,9.328725337982177734e-01,9.468266963958740234e-01,9.629290699958801270e-01,9.584673047065734863e-01,9.572186470031738281e-01,9.565734863281250000e-01,9.562456607818603516e-01,9.560804367065429688e-01,9.559974670410156250e-01,9.559559226036071777e-01,9.559351801872253418e-01,9.508106708526611328e-01,9.511116147041320801e-01,9.172431826591491699e-01,8.920208811759948730e-01,9.172919392585754395e-01,9.229795336723327637e-01,9.308322072029113770e-01,9.559142589569091797e-01,9.559142589569091797e-01,9.576084017753601074e-01,9.609858989715576172e-01,9.559142589569091797e-01,9.559142589569091797e-01,9.559142589569091797e-01,9.559142589569091797e-01,9.559142589569091797e-01,9.559142589569091797e-01,9.559142589569091797e-01,9.559142589569091797e-01,9.791051745414733887e-01,9.513030052185058594e-01,9.582365155220031738e-01,9.101322293281555176e-01,8.425292372703552246e-01,8.990911841392517090e-01,9.128510355949401855e-01,9.253451824188232422e-01,9.747205376625061035e-01,9.592492580413818359e-01,9.519124627113342285e-01,9.627271294593811035e-01,9.595151543617248535e-01,9.577636122703552246e-01,9.568511843681335449e-01,9.563857913017272949e-01,9.561507105827331543e-01,9.560327529907226562e-01,9.559736251831054688e-01,9.639123082160949707e-01,9.628607630729675293e-01,9.738540649414062500e-01,9.656155109405517578e-01,9.350098967552185059e-01,9.240053296089172363e-01,9.085910320281982422e-01,8.740741610527038574e-01,8.967040181159973145e-01
9.739222526550292969e-01,8.898680806159973145e-01,9.351072311401367188e-01,9.174370169639587402e-01,7.258830666542053223e-01,8.624808192253112793e-01,9.270575046539306641e-01,9.852927327156066895e-01,9.967713952064514160e-01,1.000000000000000000e+00,9.970181584358215332e-01,9.917517304420471191e-01,9.866528511047363281e-01,9.826248288154602051e-01,9.797264933586120605e-01,9.349924921989440918e-01,9.764218330383300781e-01,9.755886197090148926e-01,9.750694632530212402e-01,9.747512936592102051e-01,9.872073531150817871e-01,9.390414357185363770e-01,9.707441926002502441e-01,9.666467308998107910e-01,9.832304120063781738e-01,9.631085991859436035e-01,9.802312850952148438e-01,9.846224784851074219e-01,9.844310283660888672e-01,9.829103350639343262e-01,9.812259674072265625e-01,9.795891642570495605e-01,9.780736565589904785e-01,9.768708348274230957e-01,9.759840965270996094e-01,9.580378532409667969e-01,9.749591946601867676e-01,9.746964573860168457e-01,9.745320677757263184e-01,9.744310975074768066e-01,9.826474189758300781e-01,9.802706837654113770e-01,9.334142804145812988e-01,9.525191783905029297e-01,9.649546146392822266e-01,7.667285799980163574e-01,9.063792228698730469e-01,9.426868557929992676e-01,9.549520611763000488e-01,9.642738699913024902e-01,9.694893360137939453e-01,9.721778035163879395e-01,9.734380841255187988e-01,9.740007519721984863e-01,9.742098450660705566e-01,9.633560776710510254e-01,9.848935008049011230e-01,9.769555926322937012e-01,9.771242141723632812e-01,9.772062301635742188e-01,9.742833971977233887e-01,9.742833971977233887e-01,9.676179885864257812e-01,9.520456194877624512e-01,9.672866463661193848e-01,9.884777069091796875e-01,9.829244017601013184e-01,9.791879653930664062e-01,9.769439101219177246e-01,9.756657481193542480e-01,9.749876856803894043e-01,9.746387600898742676e-01,9.744618535041809082e-01,9.743728637695312500e-01,9.741918444633483887e-01,9.284914135932922363e-01,9.455196261405944824e-01,9.707639217376708984e-01,9.684769511222839355e-01,9.677438735961914062e-01,9.742833971977233887e-01,9.742833971977233887e-01,9.543247222900390625e-01,9.556280970573425293e-01,9.802169799804687500e-01,9.763799309730529785e-01,9.753597378730773926e-01,9.748285412788391113e-01,9.745578169822692871e-01,9.744210243225097656e-01,9.743523001670837402e-01,9.743178486824035645e-01,9.743008017539978027e-01,9.703085422515869141e-01,9.705489277839660645e-01,9.420401453971862793e-01,9.194814562797546387e-01,9.425658583641052246e-01,9.477050900459289551e-01,9.545109868049621582e-01,9.742833971977233887e-01,9.742833971977233887e-01,9.741508960723876953e-01,9.787878990173339844e-01,9.742833971977233887e-01,9.742833971977233887e-01,9.742833971977233887e-01,9.742833971977233887e-01,9.742833971977233887e-01,9.742833971977233887e-01,9.742833971977233887e-01,9.742833971977233887e-01,9.892895221710205078e-01,9.668093323707580566e-01,9.765289425849914551e-01,9.311553835868835449e-01,8.730711340904235840e-01,9.262054562568664551e-01,9.385538101196289062e-01,9.494953751564025879e-01,9.836093783378601074e-01,9.717549681663513184e-01,9.710764884948730469e-01,9.797955155372619629e-01,9.772480130195617676e-01,9.758183360099792480e-01,9.750639796257019043e-01,9.746770262718200684e-01,9.744810461997985840e-01,9.743824601173400879e-01,9.743329882621765137e-01,9.799439311027526855e-01,9.723734855651855469e-01,9.819296002388000488e-01,9.803761839866638184e-01,9.543632864952087402e-01,9.473321437835693359e-01,9.347437024116516113e-01,9.037563204765319824e-01,9.227454066276550293e-01
9.835553169250488281e-01,9.118807911872863770e-01,9.509103894233703613e-01,8.956254124641418457e-01,7.105610370635986328e-01,8.356513977050781250e-01,9.047314524650573730e-01,9.711105823516845703e-01,9.881122112274169922e-01,9.970181584358215332e-01,1.000000000000000000e+00,9.984884858131408691e-01,9.958745837211608887e-01,9.934315681457519531e-01,9.915342926979064941e-01,9.515219330787658691e-01,9.892552495002746582e-01,9.886633753776550293e-01,9.882909655570983887e-01,9.880613684654235840e-01,9.946322441101074219e-01,9.577293395996093750e-01,9.789059758186340332e-01,9.777395129203796387e-01,9.790512919425964355e-01,9.692016243934631348e-01,9.826669096946716309e-01,9.888032078742980957e-01,9.922273755073547363e-01,9.928844571113586426e-01,9.923887252807617188e-01,9.915133118629455566e-01,9.905385375022888184e-01,9.896945357322692871e-01,9.890401959419250488e-01,9.713317751884460449e-01,9.882553219795227051e-01,9.880494475364685059e-01,9.879195690155029297e-01,9.878394007682800293e-01,9.863088130950927734e-01,9.835138320922851562e-01,9.409726262092590332e-01,9.525417685508728027e-01,9.636332988739013672e-01,7.717247009277343750e-01,9.191653132438659668e-01,9.559595584869384766e-01,9.686620831489562988e-01,9.780198931694030762e-01,9.832250475883483887e-01,9.858525395393371582e-01,9.870454668998718262e-01,9.875449538230895996e-01,9.877119064331054688e-01,9.748089313507080078e-01,9.855816960334777832e-01,9.891050457954406738e-01,9.892697930335998535e-01,9.893906116485595703e-01,9.877212643623352051e-01,9.877212643623352051e-01,9.774064421653747559e-01,9.369050860404968262e-01,9.608855843544006348e-01,9.849026799201965332e-01,9.930753111839294434e-01,9.910700917243957520e-01,9.896069169044494629e-01,9.887172579765319824e-01,9.882326126098632812e-01,9.879803061485290527e-01,9.878515601158142090e-01,9.877865314483642578e-01,9.876677393913269043e-01,9.503540396690368652e-01,9.655992984771728516e-01,9.851015210151672363e-01,9.836693406105041504e-01,9.832644462585449219e-01,9.877212643623352051e-01,9.877212643623352051e-01,9.715437293052673340e-01,9.602026939392089844e-01,9.918339252471923828e-01,9.892072081565856934e-01,9.884918332099914551e-01,9.881135821342468262e-01,9.879190921783447266e-01,9.878206253051757812e-01,9.877709746360778809e-01,9.877461791038513184e-01,9.877336621284484863e-01,9.849031567573547363e-01,9.851543903350830078e-01,9.618358612060546875e-01,9.431095719337463379e-01,9.630055427551269531e-01,9.674056172370910645e-01,9.730046391487121582e-01,9.877212643623352051e-01,9.877212643623352051e-01,9.849043488502502441e-01,9.909703135490417480e-01,9.877212643623352051e-01,9.877212643623352051e-01,9.877212643623352051e-01,9.877212643623352051e-01,9.877212643623352051e-01,9.877212643623352051e-01,9.877212643623352051e-01,9.877212643623352051e-01,9.935183525085449219e-01,9.783308506011962891e-01,9.891911149024963379e-01,9.487773776054382324e-01,9.000665545463562012e-01,9.487350583076477051e-01,9.593701958656311035e-01,9.685209393501281738e-01,9.837915897369384766e-01,9.753523468971252441e-01,9.831595420837402344e-01,9.911413192749023438e-01,9.896478652954101562e-01,9.887393116950988770e-01,9.882440567016601562e-01,9.879860877990722656e-01,9.878544807434082031e-01,9.877880215644836426e-01,9.877546429634094238e-01,9.903280138969421387e-01,9.743950963020324707e-01,9.830079078674316406e-01,9.878593087196350098e-01,9.682343602180480957e-01,9.649642109870910645e-01,9.557889103889465332e-01,9.285500645637512207e-01,9.436414837837219238e-01
