1.000000000000000000e+00,9.298492074012756348e-01,9.135617613792419434e-01,4.772307574748992920e-01,6.301896572113037109e-01,6.201266646385192871e-01,7.280903458595275879e-01,8.970274329185485840e-01,9.681510329246520996e-01,9.908930659294128418e-01,9.969572424888610840e-01,9.988975524902343750e-01,9.996104240417480469e-01,9.998636245727539062e-01,9.999530911445617676e-01,9.999842047691345215e-01,9.999947547912597656e-01,9.999982714653015137e-01,9.999994635581970215e-01,9.999998211860656738e-01,1.000000000000000000e+00,9.670576453208923340e-01,9.661781191825866699e-01,9.636895656585693359e-01,8.764886856079101562e-01,9.265835285186767578e-01,9.704325795173645020e-01,9.856885075569152832e-01,9.933468699455261230e-01,9.971280097961425781e-01,9.988433718681335449e-01,9.995572566986083984e-01,9.998381733894348145e-01,9.999423623085021973e-01,9.999800324440002441e-01,9.999932646751403809e-01,9.999977946281433105e-01,9.999992847442626953e-01,9.999997615814208984e-01,9.999999403953552246e-01,1.000000000000000000e+00,9.981184005737304688e-01,9.677451252937316895e-01,9.602224826812744141e-01,9.559490680694580078e-01,7.349815368652343750e-01,8.696214556694030762e-01,9.456042647361755371e-01,9.787498116493225098e-01,9.924158453941345215e-01,9.974792599678039551e-01,9.991536140441894531e-01,9.997227787971496582e-01,9.999110102653503418e-01,9.999719262123107910e-01,9.999913573265075684e-01,9.990043640136718750e-01,9.994597434997558594e-01,9.995757937431335449e-01,9.996976256370544434e-01,1.000000000000000000e+00,1.000000000000000000e+00,1.000000000000000000e+00,1.000000000000000000e+00,1.000000000000000000e+00,1.000000000000000000e+00,1.000000000000000000e+00,1.000000000000000000e+00,1.000000000000000000e+00,1.000000000000000000e+00,1.000000000000000000e+00,1.000000000000000000e+00,1.000000000000000000e+00,1.000000000000000000e+00,1.000000000000000000e+00,9.997193813323974609e-01,9.754831194877624512e-01,9.767379164695739746e-01,9.860642552375793457e-01,9.945466518402099609e-01,1.000000000000000000e+00,1.000000000000000000e+00,1.000000000000000000e+00,1.000000000000000000e+00,1.000000000000000000e+00,1.000000000000000000e+00,1.000000000000000000e+00,1.000000000000000000e+00,1.000000000000000000e+00,1.000000000000000000e+00,1.000000000000000000e+00,1.000000000000000000e+00,1.000000000000000000e+00,1.000000000000000000e+00,9.998363852500915527e-01,9.970323443412780762e-01,9.802320599555969238e-01,9.827750325202941895e-01,9.907595515251159668e-01,9.956712722778320312e-01,1.000000000000000000e+00,1.000000000000000000e+00,1.000000000000000000e+00,1.000000000000000000e+00,1.000000000000000000e+00,1.000000000000000000e+00,1.000000000000000000e+00,1.000000000000000000e+00,1.000000000000000000e+00,1.000000000000000000e+00,1.000000000000000000e+00,1.000000000000000000e+00,1.000000000000000000e+00,9.996619820594787598e-01,9.982931017875671387e-01,9.986476898193359375e-01,9.912862777709960938e-01,9.639623165130615234e-01,9.786655902862548828e-01,9.899699687957763672e-01,1.000000000000000000e+00,1.000000000000000000e+00,1.000000000000000000e+00,1.000000000000000000e+00,1.000000000000000000e+00,1.000000000000000000e+00,1.000000000000000000e+00,1.000000000000000000e+00,1.000000000000000000e+00,1.000000000000000000e+00,1.000000000000000000e+00,1.000000000000000000e+00,9.999991059303283691e-01,9.912431836128234863e-01,9.963896274566650391e-01,9.736158251762390137e-01,9.859051704406738281e-01,6.830614209175109863e-01,6.767852306365966797e-01,7.548813819885253906e-01
9.298492074012756348e-01,1.000000000000000000e+00,9.550160765647888184e-01,6.758671402931213379e-01,8.088580965995788574e-01,8.125613331794738770e-01,8.970939517021179199e-01,9.699725508689880371e-01,9.712011814117431641e-01,9.554819464683532715e-01,9.432442784309387207e-01,9.382606148719787598e-01,9.350027441978454590e-01,9.329282641410827637e-01,9.316563010215759277e-01,9.308951497077941895e-01,9.304521679878234863e-01,9.301967620849609375e-01,9.300505518913269043e-01,9.299628138542175293e-01,9.298492074012756348e-01,8.974094390869140625e-01,9.325748085975646973e-01,9.274309277534484863e-01,9.226326346397399902e-01,9.741819500923156738e-01,9.782650470733642578e-01,9.660871028900146484e-01,9.555762410163879395e-01,9.471321105957031250e-01,9.409093260765075684e-01,9.366958141326904297e-01,9.339771270751953125e-01,9.322867393493652344e-01,9.312644004821777344e-01,9.306578040122985840e-01,9.303081035614013672e-01,9.301083683967590332e-01,9.299944043159484863e-01,9.299300312995910645e-01,9.298492074012756348e-01,9.376921653747558594e-01,9.343495368957519531e-01,9.461858272552490234e-01,9.419916272163391113e-01,7.106766700744628906e-01,8.005974888801574707e-01,8.618471026420593262e-01,8.955872654914855957e-01,9.140782356262207031e-01,9.222705364227294922e-01,9.261574149131774902e-01,9.280189871788024902e-01,9.289386272430419922e-01,9.293945431709289551e-01,9.296234250068664551e-01,9.290629029273986816e-01,9.290898442268371582e-01,9.306440353393554688e-01,9.309759140014648438e-01,9.298492074012756348e-01,9.298492074012756348e-01,9.298492074012756348e-01,9.298492074012756348e-01,9.298492074012756348e-01,9.298492074012756348e-01,9.298492074012756348e-01,9.298492074012756348e-01,9.298492074012756348e-01,9.298492074012756348e-01,9.298492074012756348e-01,9.298492074012756348e-01,9.298492074012756348e-01,9.298492074012756348e-01,9.298492074012756348e-01,9.259151816368103027e-01,9.243742823600769043e-01,9.303314685821533203e-01,9.291181564331054688e-01,9.297923445701599121e-01,9.298492074012756348e-01,9.298492074012756348e-01,9.298492074012756348e-01,9.298492074012756348e-01,9.298492074012756348e-01,9.298492074012756348e-01,9.298492074012756348e-01,9.298492074012756348e-01,9.298492074012756348e-01,9.298492074012756348e-01,9.298492074012756348e-01,9.298492074012756348e-01,9.298492074012756348e-01,9.298492074012756348e-01,9.268224835395812988e-01,9.224059581756591797e-01,8.851246833801269531e-01,8.933578133583068848e-01,9.065250754356384277e-01,9.165820479393005371e-01,9.298492074012756348e-01,9.298492074012756348e-01,9.298492074012756348e-01,9.298492074012756348e-01,9.298492074012756348e-01,9.298492074012756348e-01,9.298492074012756348e-01,9.298492074012756348e-01,9.298492074012756348e-01,9.298492074012756348e-01,9.298492074012756348e-01,9.298492074012756348e-01,9.298492074012756348e-01,9.325183033943176270e-01,9.286398887634277344e-01,9.339560866355895996e-01,8.993881344795227051e-01,8.681489825248718262e-01,8.919013142585754395e-01,9.081943035125732422e-01,9.298492074012756348e-01,9.298492074012756348e-01,9.298492074012756348e-01,9.298492074012756348e-01,9.298492074012756348e-01,9.298492074012756348e-01,9.298492074012756348e-01,9.298492074012756348e-01,9.298492074012756348e-01,9.298492074012756348e-01,9.298492074012756348e-01,9.298492074012756348e-01,9.298534989356994629e-01,9.485868811607360840e-01,9.342679977416992188e-01,9.581097960472106934e-01,9.211266040802001953e-01,5.764941573143005371e-01,5.657692551612854004e-01,6.492711901664733887e-01
9.135617613792419434e-01,9.550160765647888184e-01,1.000000000000000000e+00,7.209296226501464844e-01,8.320761322975158691e-01,8.177204132080078125e-01,8.675906062126159668e-01,9.288167357444763184e-01,9.391405582427978516e-01,9.330528378486633301e-01,9.258176684379577637e-01,9.211975932121276855e-01,9.181766510009765625e-01,9.163014888763427734e-01,9.151690006256103516e-01,9.144935607910156250e-01,9.140968322753906250e-01,9.138665199279785156e-01,9.137346148490905762e-01,9.136587977409362793e-01,9.135617613792419434e-01,8.621152043342590332e-01,8.933383822441101074e-01,8.696504235267639160e-01,8.783877491950988770e-01,9.301769137382507324e-01,9.371069073677062988e-01,9.272105693817138672e-01,9.221255779266357422e-01,9.190761446952819824e-01,9.170158505439758301e-01,9.156634807586669922e-01,9.148147106170654297e-01,9.142834544181823730e-01,9.139657020568847656e-01,9.137850403785705566e-01,9.136838912963867188e-01,9.136278033256530762e-01,9.135972857475280762e-01,9.135807156562805176e-01,9.135617613792419434e-01,9.123809933662414551e-01,8.957722187042236328e-01,9.073269367218017578e-01,9.028267264366149902e-01,6.212599873542785645e-01,7.487940788269042969e-01,8.292900919914245605e-01,8.703290820121765137e-01,8.921571373939514160e-01,9.025123715400695801e-01,9.077340960502624512e-01,9.104335308074951172e-01,9.118735790252685547e-01,9.126493334770202637e-01,9.130693078041076660e-01,9.131618142127990723e-01,9.139100909233093262e-01,9.145626425743103027e-01,9.145851135253906250e-01,9.135617613792419434e-01,9.135617613792419434e-01,9.135617613792419434e-01,9.135617613792419434e-01,9.135617613792419434e-01,9.135617613792419434e-01,9.135617613792419434e-01,9.135617613792419434e-01,9.135617613792419434e-01,9.135617613792419434e-01,9.135617613792419434e-01,9.135617613792419434e-01,9.135617613792419434e-01,9.135617613792419434e-01,9.135617613792419434e-01,9.120936989784240723e-01,8.971040844917297363e-01,8.770835995674133301e-01,8.832504153251647949e-01,8.946815133094787598e-01,9.135617613792419434e-01,9.135617613792419434e-01,9.135617613792419434e-01,9.135617613792419434e-01,9.135617613792419434e-01,9.135617613792419434e-01,9.135617613792419434e-01,9.135617613792419434e-01,9.135617613792419434e-01,9.135617613792419434e-01,9.135617613792419434e-01,9.135617613792419434e-01,9.135617613792419434e-01,9.135617613792419434e-01,9.110941290855407715e-01,9.076007008552551270e-01,8.652789592742919922e-01,8.646078705787658691e-01,8.784220814704895020e-01,8.908734917640686035e-01,9.135617613792419434e-01,9.135617613792419434e-01,9.135617613792419434e-01,9.135617613792419434e-01,9.135617613792419434e-01,9.135617613792419434e-01,9.135617613792419434e-01,9.135617613792419434e-01,9.135617613792419434e-01,9.135617613792419434e-01,9.135617613792419434e-01,9.135617613792419434e-01,9.135617613792419434e-01,9.136867523193359375e-01,9.146357178688049316e-01,9.194882512092590332e-01,8.771938681602478027e-01,8.299730420112609863e-01,8.558428287506103516e-01,8.767430186271667480e-01,9.135617613792419434e-01,9.135617613792419434e-01,9.135617613792419434e-01,9.135617613792419434e-01,9.135617613792419434e-01,9.135617613792419434e-01,9.135617613792419434e-01,9.135617613792419434e-01,9.135617613792419434e-01,9.135617613792419434e-01,9.135617613792419434e-01,9.135617613792419434e-01,9.135510325431823730e-01,9.264580607414245605e-01,9.100994467735290527e-01,9.063546657562255859e-01,8.875544667243957520e-01,5.326141119003295898e-01,5.290844440460205078e-01,6.046273112297058105e-01
4.772307574748992920e-01,6.758671402931213379e-01,7.209296226501464844e-01,1.000000000000000000e+00,9.460208415985107422e-01,9.044153094291687012e-01,8.307856917381286621e-01,6.645728945732116699e-01,5.674708485603332520e-01,5.168012380599975586e-01,4.948095381259918213e-01,4.874566793441772461e-01,4.832121431827545166e-01,4.806961119174957275e-01,4.792223870754241943e-01,4.783707857131958008e-01,4.778851270675659180e-01,4.776095449924468994e-01,4.774539172649383545e-01,4.773568809032440186e-01,4.772307574748992920e-01,4.762423336505889893e-01,5.368211269378662109e-01,4.690092504024505615e-01,6.130561232566833496e-01,6.369158625602722168e-01,5.858305096626281738e-01,5.457038283348083496e-01,5.211080908775329590e-01,5.050195455551147461e-01,4.944362938404083252e-01,4.876778125762939453e-01,4.834731519222259521e-01,4.809010028839111328e-01,4.793578684329986572e-01,4.784490168094635010e-01,4.779231548309326172e-01,4.776217639446258545e-01,4.774499237537384033e-01,4.773528575897216797e-01,4.772307574748992920e-01,4.890231192111968994e-01,5.354893803596496582e-01,5.776884555816650391e-01,5.744062066078186035e-01,4.425955712795257568e-01,4.495831727981567383e-01,4.524075090885162354e-01,4.600783586502075195e-01,4.684729874134063721e-01,4.720662832260131836e-01,4.745244979858398438e-01,4.758234024047851562e-01,4.765258133411407471e-01,4.768849611282348633e-01,4.770666658878326416e-01,4.815612137317657471e-01,4.798179566860198975e-01,4.815336167812347412e-01,4.812675416469573975e-01,4.772307574748992920e-01,4.772307574748992920e-01,4.772307574748992920e-01,4.772307574748992920e-01,4.772307574748992920e-01,4.772307574748992920e-01,4.772307574748992920e-01,4.772307574748992920e-01,4.772307574748992920e-01,4.772307574748992920e-01,4.772307574748992920e-01,4.772307574748992920e-01,4.772307574748992920e-01,4.772307574748992920e-01,4.772307574748992920e-01,4.709037542343139648e-01,4.725575149059295654e-01,4.825689792633056641e-01,4.744610786437988281e-01,4.706428050994873047e-01,4.772307574748992920e-01,4.772307574748992920e-01,4.772307574748992920e-01,4.772307574748992920e-01,4.772307574748992920e-01,4.772307574748992920e-01,4.772307574748992920e-01,4.772307574748992920e-01,4.772307574748992920e-01,4.772307574748992920e-01,4.772307574748992920e-01,4.772307574748992920e-01,4.772307574748992920e-01,4.772307574748992920e-01,4.711462259292602539e-01,4.644602835178375244e-01,4.161298573017120361e-01,4.239529669284820557e-01,4.367688596248626709e-01,4.506285190582275391e-01,4.772307574748992920e-01,4.772307574748992920e-01,4.772307574748992920e-01,4.772307574748992920e-01,4.772307574748992920e-01,4.772307574748992920e-01,4.772307574748992920e-01,4.772307574748992920e-01,4.772307574748992920e-01,4.772307574748992920e-01,4.772307574748992920e-01,4.772307574748992920e-01,4.772307574748992920e-01,4.817514419555664062e-01,4.784864485263824463e-01,4.908163547515869141e-01,4.271783828735351562e-01,4.005717337131500244e-01,4.223210513591766357e-01,4.390376508235931396e-01,4.772307574748992920e-01,4.772307574748992920e-01,4.772307574748992920e-01,4.772307574748992920e-01,4.772307574748992920e-01,4.772307574748992920e-01,4.772307574748992920e-01,4.772307574748992920e-01,4.772307574748992920e-01,4.772307574748992920e-01,4.772307574748992920e-01,4.772307574748992920e-01,4.772394597530364990e-01,5.265042781829833984e-01,4.863167703151702881e-01,5.308300256729125977e-01,4.371274411678314209e-01,3.014351427555084229e-01,2.975217998027801514e-01,3.354780375957489014e-01
6.301896572113037109e-01,8.088580965995788574e-01,8.320761322975158691e-01,9.460208415985107422e-01,1.000000000000000000e+00,9.792740941047668457e-01,9.353342056274414062e-01,8.088469505310058594e-01,7.220152020454406738e-01,6.725509762763977051e-01,6.499918103218078613e-01,6.418402791023254395e-01,6.370476484298706055e-01,6.341788172721862793e-01,6.324868202209472656e-01,6.315034031867980957e-01,6.309438347816467285e-01,6.306262612342834473e-01,6.304463148117065430e-01,6.303347349166870117e-01,6.301896572113037109e-01,6.112484335899353027e-01,6.666727662086486816e-01,6.081609129905700684e-01,7.149407267570495605e-01,7.562057375907897949e-01,7.227845191955566406e-01,6.892554759979248047e-01,6.684558391571044922e-01,6.546288132667541504e-01,6.453959345817565918e-01,6.394457221031188965e-01,6.357229948043823242e-01,6.334386467933654785e-01,6.320666670799255371e-01,6.312583088874816895e-01,6.307950019836425781e-01,6.305312514305114746e-01,6.303810477256774902e-01,6.302962303161621094e-01,6.301896572113037109e-01,6.418542265892028809e-01,6.630144715309143066e-01,7.016501426696777344e-01,7.045863270759582520e-01,5.349342226982116699e-01,5.637748837471008301e-01,5.844774842262268066e-01,6.020150184631347656e-01,6.158454418182373047e-01,6.223800778388977051e-01,6.260460019111633301e-01,6.279909610748291016e-01,6.290452480316162109e-01,6.295987367630004883e-01,6.298890709877014160e-01,6.299101114273071289e-01,6.296609044075012207e-01,6.322267651557922363e-01,6.326227784156799316e-01,6.301896572113037109e-01,6.301896572113037109e-01,6.301896572113037109e-01,6.301896572113037109e-01,6.301896572113037109e-01,6.301896572113037109e-01,6.301896572113037109e-01,6.301896572113037109e-01,6.301896572113037109e-01,6.301896572113037109e-01,6.301896572113037109e-01,6.301896572113037109e-01,6.301896572113037109e-01,6.301896572113037109e-01,6.301896572113037109e-01,6.235013008117675781e-01,6.327077746391296387e-01,6.328803896903991699e-01,6.251677274703979492e-01,6.225563883781433105e-01,6.301896572113037109e-01,6.301896572113037109e-01,6.301896572113037109e-01,6.301896572113037109e-01,6.301896572113037109e-01,6.301896572113037109e-01,6.301896572113037109e-01,6.301896572113037109e-01,6.301896572113037109e-01,6.301896572113037109e-01,6.301896572113037109e-01,6.301896572113037109e-01,6.301896572113037109e-01,6.301896572113037109e-01,6.233408451080322266e-01,6.130385994911193848e-01,5.570736527442932129e-01,5.651593804359436035e-01,5.816345810890197754e-01,5.983487367630004883e-01,6.301896572113037109e-01,6.301896572113037109e-01,6.301896572113037109e-01,6.301896572113037109e-01,6.301896572113037109e-01,6.301896572113037109e-01,6.301896572113037109e-01,6.301896572113037109e-01,6.301896572113037109e-01,6.301896572113037109e-01,6.301896572113037109e-01,6.301896572113037109e-01,6.301896572113037109e-01,6.348827481269836426e-01,6.321955919265747070e-01,6.420913338661193848e-01,5.726875066757202148e-01,5.331831574440002441e-01,5.622084140777587891e-01,5.841031074523925781e-01,6.301896572113037109e-01,6.301896572113037109e-01,6.301896572113037109e-01,6.301896572113037109e-01,6.301896572113037109e-01,6.301896572113037109e-01,6.301896572113037109e-01,6.301896572113037109e-01,6.301896572113037109e-01,6.301896572113037109e-01,6.301896572113037109e-01,6.301896572113037109e-01,6.301501989364624023e-01,6.753839850425720215e-01,6.383335590362548828e-01,6.826757788658142090e-01,5.987557768821716309e-01,3.597281873226165771e-01,3.542317450046539307e-01,4.127128422260284424e-01
6.201266646385192871e-01,8.125613331794738770e-01,8.177204132080078125e-01,9.044153094291687012e-01,9.792740941047668457e-01,1.000000000000000000e+00,9.699166417121887207e-01,8.370665907859802246e-01,7.334306836128234863e-01,6.727297902107238770e-01,6.446124911308288574e-01,6.344555616378784180e-01,6.285460591316223145e-01,6.250250935554504395e-01,6.229479908943176270e-01,6.217396855354309082e-01,6.210518479347229004e-01,6.206610202789306641e-01,6.204393506050109863e-01,6.203032135963439941e-01,6.201266646385192871e-01,6.004338264465332031e-01,6.577039957046508789e-01,6.132348179817199707e-01,7.257378697395324707e-01,7.640417218208312988e-01,7.226017117500305176e-01,6.855872273445129395e-01,6.624317765235900879e-01,6.470392346382141113e-01,6.368068456649780273e-01,6.302502155303955078e-01,6.261623501777648926e-01,6.236650347709655762e-01,6.221690177917480469e-01,6.212876439094543457e-01,6.207839846611022949e-01,6.204978823661804199e-01,6.203348040580749512e-01,6.202425956726074219e-01,6.201266646385192871e-01,6.346998810768127441e-01,6.518778800964355469e-01,6.915481686592102051e-01,6.988658905029296875e-01,5.479456782341003418e-01,5.592355728149414062e-01,5.747219920158386230e-01,5.914314389228820801e-01,6.057052016258239746e-01,6.124730706214904785e-01,6.161167025566101074e-01,6.180293560028076172e-01,6.190541386604309082e-01,6.195837855339050293e-01,6.198570728302001953e-01,6.184895038604736328e-01,6.185247302055358887e-01,6.217345595359802246e-01,6.224160790443420410e-01,6.201266646385192871e-01,6.201266646385192871e-01,6.201266646385192871e-01,6.201266646385192871e-01,6.201266646385192871e-01,6.201266646385192871e-01,6.201266646385192871e-01,6.201266646385192871e-01,6.201266646385192871e-01,6.201266646385192871e-01,6.201266646385192871e-01,6.201266646385192871e-01,6.201266646385192871e-01,6.201266646385192871e-01,6.201266646385192871e-01,6.125156879425048828e-01,6.381385922431945801e-01,6.370391845703125000e-01,6.243041157722473145e-01,6.178019046783447266e-01,6.201266646385192871e-01,6.201266646385192871e-01,6.201266646385192871e-01,6.201266646385192871e-01,6.201266646385192871e-01,6.201266646385192871e-01,6.201266646385192871e-01,6.201266646385192871e-01,6.201266646385192871e-01,6.201266646385192871e-01,6.201266646385192871e-01,6.201266646385192871e-01,6.201266646385192871e-01,6.201266646385192871e-01,6.128009557723999023e-01,6.000602841377258301e-01,5.417037010192871094e-01,5.526270270347595215e-01,5.704476833343505859e-01,5.878489613533020020e-01,6.201266646385192871e-01,6.201266646385192871e-01,6.201266646385192871e-01,6.201266646385192871e-01,6.201266646385192871e-01,6.201266646385192871e-01,6.201266646385192871e-01,6.201266646385192871e-01,6.201266646385192871e-01,6.201266646385192871e-01,6.201266646385192871e-01,6.201266646385192871e-01,6.201266646385192871e-01,6.262659430503845215e-01,6.238150596618652344e-01,6.327378749847412109e-01,5.613359808921813965e-01,5.236931443214416504e-01,5.531914830207824707e-01,5.752117037773132324e-01,6.201266646385192871e-01,6.201266646385192871e-01,6.201266646385192871e-01,6.201266646385192871e-01,6.201266646385192871e-01,6.201266646385192871e-01,6.201266646385192871e-01,6.201266646385192871e-01,6.201266646385192871e-01,6.201266646385192871e-01,6.201266646385192871e-01,6.201266646385192871e-01,6.200650334358215332e-01,6.698445677757263184e-01,6.314609646797180176e-01,6.889763474464416504e-01,6.046977639198303223e-01,3.562209606170654297e-01,3.483848869800567627e-01,4.061580896377563477e-01
7.280903458595275879e-01,8.970939517021179199e-01,8.675906062126159668e-01,8.307856917381286621e-01,9.353342056274414062e-01,9.699166417121887207e-01,1.000000000000000000e+00,9.328076839447021484e-01,8.447282314300537109e-01,7.842923998832702637e-01,7.545995116233825684e-01,7.438322901725769043e-01,7.374261021614074707e-01,7.335596084594726562e-01,7.312572002410888672e-01,7.299076914787292480e-01,7.291350364685058594e-01,7.286937832832336426e-01,7.284426689147949219e-01,7.282893061637878418e-01,7.280903458595275879e-01,7.112980484962463379e-01,7.663441300392150879e-01,7.372639775276184082e-01,8.243698477745056152e-01,8.641281723976135254e-01,8.296565413475036621e-01,7.963323593139648438e-01,7.734715938568115234e-01,7.574234008789062500e-01,7.464426159858703613e-01,7.392949461936950684e-01,7.347900867462158203e-01,7.320308089256286621e-01,7.303740382194519043e-01,7.293930649757385254e-01,7.288301587104797363e-01,7.285091876983642578e-01,7.283256649971008301e-01,7.282217144966125488e-01,7.280903458595275879e-01,7.461486458778381348e-01,7.596167922019958496e-01,7.949783205986022949e-01,8.049604892730712891e-01,6.429036259651184082e-01,6.621862053871154785e-01,6.835536956787109375e-01,7.024769783020019531e-01,7.167580723762512207e-01,7.227663397789001465e-01,7.256174087524414062e-01,7.269515991210937500e-01,7.275924086570739746e-01,7.278831601142883301e-01,7.280136942863464355e-01,7.254891395568847656e-01,7.262194156646728516e-01,7.300570011138916016e-01,7.308952212333679199e-01,7.280903458595275879e-01,7.280903458595275879e-01,7.280903458595275879e-01,7.280903458595275879e-01,7.280903458595275879e-01,7.280903458595275879e-01,7.280903458595275879e-01,7.280903458595275879e-01,7.280903458595275879e-01,7.280903458595275879e-01,7.280903458595275879e-01,7.280903458595275879e-01,7.280903458595275879e-01,7.280903458595275879e-01,7.280903458595275879e-01,7.197203636169433594e-01,7.561151981353759766e-01,7.599735260009765625e-01,7.439456582069396973e-01,7.338836789131164551e-01,7.280903458595275879e-01,7.280903458595275879e-01,7.280903458595275879e-01,7.280903458595275879e-01,7.280903458595275879e-01,7.280903458595275879e-01,7.280903458595275879e-01,7.280903458595275879e-01,7.280903458595275879e-01,7.280903458595275879e-01,7.280903458595275879e-01,7.280903458595275879e-01,7.280903458595275879e-01,7.280903458595275879e-01,7.211470603942871094e-01,7.063370347023010254e-01,6.488003134727478027e-01,6.647936701774597168e-01,6.839935183525085449e-01,7.006388306617736816e-01,7.280903458595275879e-01,7.280903458595275879e-01,7.280903458595275879e-01,7.280903458595275879e-01,7.280903458595275879e-01,7.280903458595275879e-01,7.280903458595275879e-01,7.280903458595275879e-01,7.280903458595275879e-01,7.280903458595275879e-01,7.280903458595275879e-01,7.280903458595275879e-01,7.280903458595275879e-01,7.356941103935241699e-01,7.335463166236877441e-01,7.410075068473815918e-01,6.765462756156921387e-01,6.439924836158752441e-01,6.729117035865783691e-01,6.929826736450195312e-01,7.280903458595275879e-01,7.280903458595275879e-01,7.280903458595275879e-01,7.280903458595275879e-01,7.280903458595275879e-01,7.280903458595275879e-01,7.280903458595275879e-01,7.280903458595275879e-01,7.280903458595275879e-01,7.280903458595275879e-01,7.280903458595275879e-01,7.280903458595275879e-01,7.280800342559814453e-01,7.792149186134338379e-01,7.437760233879089355e-01,8.029409050941467285e-01,7.271504998207092285e-01,4.282684326171875000e-01,4.145555496215820312e-01,4.893639385700225830e-01
8.970274329185485840e-01,9.699725508689880371e-01,9.288167357444763184e-01,6.645728945732116699e-01,8.088469505310058594e-01,8.370665907859802246e-01,9.328076839447021484e-01,1.000000000000000000e+00,9.754737019538879395e-01,9.404097199440002441e-01,9.195609092712402344e-01,9.108737111091613770e-01,9.053921103477478027e-01,9.019927978515625000e-01,8.999320864677429199e-01,8.987053036689758301e-01,8.979938030242919922e-01,8.975836634635925293e-01,8.973479866981506348e-01,8.972083926200866699e-01,8.970274329185485840e-01,8.662977814674377441e-01,9.027059674263000488e-01,8.956802487373352051e-01,9.046468734741210938e-01,9.541811347007751465e-01,9.530121684074401855e-01,9.380092620849609375e-01,9.256885647773742676e-01,9.161493182182312012e-01,9.092326760292053223e-01,9.045701026916503906e-01,9.015652537345886230e-01,8.997058868408203125e-01,8.985829353332519531e-01,8.979146480560302734e-01,8.975312113761901855e-01,8.973129391670227051e-01,8.971878886222839355e-01,8.971171379089355469e-01,8.970274329185485840e-01,9.104470610618591309e-01,8.977848887443542480e-01,9.167230129241943359e-01,9.260434508323669434e-01,7.163753509521484375e-01,7.809300422668457031e-01,8.333786129951477051e-01,8.650789260864257812e-01,8.833282589912414551e-01,8.910160064697265625e-01,8.943153023719787598e-01,8.957931995391845703e-01,8.964741230010986328e-01,8.967836499214172363e-01,8.969247937202453613e-01,8.918992877006530762e-01,8.939782977104187012e-01,8.974695205688476562e-01,8.985033035278320312e-01,8.970274329185485840e-01,8.970274329185485840e-01,8.970274329185485840e-01,8.970274329185485840e-01,8.970274329185485840e-01,8.970274329185485840e-01,8.970274329185485840e-01,8.970274329185485840e-01,8.970274329185485840e-01,8.970274329185485840e-01,8.970274329185485840e-01,8.970274329185485840e-01,8.970274329185485840e-01,8.970274329185485840e-01,8.970274329185485840e-01,8.911247253417968750e-01,9.236030578613281250e-01,9.169866442680358887e-01,9.063541889190673828e-01,9.015272259712219238e-01,8.970274329185485840e-01,8.970274329185485840e-01,8.970274329185485840e-01,8.970274329185485840e-01,8.970274329185485840e-01,8.970274329185485840e-01,8.970274329185485840e-01,8.970274329185485840e-01,8.970274329185485840e-01,8.970274329185485840e-01,8.970274329185485840e-01,8.970274329185485840e-01,8.970274329185485840e-01,8.970274329185485840e-01,8.924849629402160645e-01,8.799681663513183594e-01,8.309524059295654297e-01,8.448872566223144531e-01,8.632064461708068848e-01,8.769836425781250000e-01,8.970274329185485840e-01,8.970274329185485840e-01,8.970274329185485840e-01,8.970274329185485840e-01,8.970274329185485840e-01,8.970274329185485840e-01,8.970274329185485840e-01,8.970274329185485840e-01,8.970274329185485840e-01,8.970274329185485840e-01,8.970274329185485840e-01,8.970274329185485840e-01,8.970274329185485840e-01,9.030941128730773926e-01,9.035746455192565918e-01,9.064080119132995605e-01,8.603992462158203125e-01,8.270154595375061035e-01,8.526678085327148438e-01,8.713924288749694824e-01,8.970274329185485840e-01,8.970274329185485840e-01,8.970274329185485840e-01,8.970274329185485840e-01,8.970274329185485840e-01,8.970274329185485840e-01,8.970274329185485840e-01,8.970274329185485840e-01,8.970274329185485840e-01,8.970274329185485840e-01,8.970274329185485840e-01,8.970274329185485840e-01,8.970332145690917969e-01,9.294247627258300781e-01,9.098280072212219238e-01,9.425384402275085449e-01,9.076238274574279785e-01,5.391526222229003906e-01,5.245867371559143066e-01,6.108744740486145020e-01
9.681510329246520996e-01,9.712011814117431641e-01,9.391405582427978516e-01,5.674708485603332520e-01,7.220152020454406738e-01,7.334306836128234863e-01,8.447282314300537109e-01,9.754737019538879395e-01,1.000000000000000000e+00,9.915197491645812988e-01,9.818518757820129395e-01,9.769408702850341797e-01,9.735777378082275391e-01,9.714176654815673828e-01,9.700815081596374512e-01,9.692737460136413574e-01,9.687993526458740234e-01,9.685238003730773926e-01,9.683647751808166504e-01,9.682715535163879395e-01,9.681510329246520996e-01,9.312364459037780762e-01,9.509615898132324219e-01,9.493135809898376465e-01,9.057698249816894531e-01,9.601347446441650391e-01,9.837237000465393066e-01,9.835628867149353027e-01,9.805395007133483887e-01,9.771404266357421875e-01,9.741893410682678223e-01,9.719987511634826660e-01,9.705073237419128418e-01,9.695557951927185059e-01,9.689714312553405762e-01,9.686201214790344238e-01,9.684177041053771973e-01,9.683020710945129395e-01,9.682359695434570312e-01,9.681984782218933105e-01,9.681510329246520996e-01,9.745450615882873535e-01,9.482676386833190918e-01,9.546508789062500000e-01,9.596031308174133301e-01,7.323414683341979980e-01,8.305715918540954590e-01,8.994176387786865234e-01,9.357578158378601074e-01,9.543272852897644043e-01,9.621818065643310547e-01,9.654248356819152832e-01,9.668717980384826660e-01,9.675417542457580566e-01,9.678578376770019531e-01,9.680098891258239746e-01,9.638917446136474609e-01,9.655814766883850098e-01,9.676957130432128906e-01,9.684556126594543457e-01,9.681510329246520996e-01,9.681510329246520996e-01,9.681510329246520996e-01,9.681510329246520996e-01,9.681510329246520996e-01,9.681510329246520996e-01,9.681510329246520996e-01,9.681510329246520996e-01,9.681510329246520996e-01,9.681510329246520996e-01,9.681510329246520996e-01,9.681510329246520996e-01,9.681510329246520996e-01,9.681510329246520996e-01,9.681510329246520996e-01,9.648702740669250488e-01,9.755280613899230957e-01,9.681599736213684082e-01,9.661331176757812500e-01,9.677374958992004395e-01,9.681510329246520996e-01,9.681510329246520996e-01,9.681510329246520996e-01,9.681510329246520996e-01,9.681510329246520996e-01,9.681510329246520996e-01,9.681510329246520996e-01,9.681510329246520996e-01,9.681510329246520996e-01,9.681510329246520996e-01,9.681510329246520996e-01,9.681510329246520996e-01,9.681510329246520996e-01,9.681510329246520996e-01,9.656612277030944824e-01,9.572703242301940918e-01,9.200707077980041504e-01,9.291338920593261719e-01,9.439921379089355469e-01,9.543824195861816406e-01,9.681510329246520996e-01,9.681510329246520996e-01,9.681510329246520996e-01,9.681510329246520996e-01,9.681510329246520996e-01,9.681510329246520996e-01,9.681510329246520996e-01,9.681510329246520996e-01,9.681510329246520996e-01,9.681510329246520996e-01,9.681510329246520996e-01,9.681510329246520996e-01,9.681510329246520996e-01,9.713332056999206543e-01,9.714255332946777344e-01,9.725019931793212891e-01,9.431197047233581543e-01,9.101531505584716797e-01,9.318625926971435547e-01,9.484481811523437500e-01,9.681510329246520996e-01,9.681510329246520996e-01,9.681510329246520996e-01,9.681510329246520996e-01,9.681510329246520996e-01,9.681510329246520996e-01,9.681510329246520996e-01,9.681510329246520996e-01,9.681510329246520996e-01,9.681510329246520996e-01,9.681510329246520996e-01,9.681510329246520996e-01,9.681603908538818359e-01,9.810283780097961426e-01,9.740609526634216309e-01,9.818397164344787598e-01,9.726329445838928223e-01,6.060259938240051270e-01,5.940588116645812988e-01,6.801409125328063965e-01
9.908930659294128418e-01,9.554819464683532715e-01,9.330528378486633301e-01,5.168012380599975586e-01,6.725509762763977051e-01,6.727297902107238770e-01,7.842923998832702637e-01,9.404097199440002441e-01,9.915197491645812988e-01,1.000000000000000000e+00,9.979975819587707520e-01,9.958267807960510254e-01,9.940530657768249512e-01,9.928372502326965332e-01,9.920598864555358887e-01,9.915783405303955078e-01,9.912903904914855957e-01,9.911211133003234863e-01,9.910230040550231934e-01,9.909661412239074707e-01,9.908930659294128418e-01,9.500221610069274902e-01,9.598410725593566895e-01,9.601706862449645996e-01,8.948166370391845703e-01,9.475142955780029297e-01,9.822774529457092285e-01,9.900767207145690918e-01,9.926285743713378906e-01,9.931104183197021484e-01,9.927475452423095703e-01,9.922084212303161621e-01,9.917446970939636230e-01,9.914144873619079590e-01,9.912009835243225098e-01,9.910695552825927734e-01,9.909930825233459473e-01,9.909494519233703613e-01,9.909245371818542480e-01,9.909104704856872559e-01,9.908930659294128418e-01,9.919845461845397949e-01,9.596202373504638672e-01,9.586026072502136230e-01,9.595055580139160156e-01,7.221866250038146973e-01,8.430368304252624512e-01,9.210181236267089844e-01,9.590966105461120605e-01,9.771957397460937500e-01,9.849091172218322754e-01,9.880991578102111816e-01,9.895372390747070312e-01,9.902155399322509766e-01,9.905474185943603516e-01,9.907147288322448730e-01,9.878115653991699219e-01,9.890899658203125000e-01,9.901285171508789062e-01,9.906005263328552246e-01,9.908930659294128418e-01,9.908930659294128418e-01,9.908930659294128418e-01,9.908930659294128418e-01,9.908930659294128418e-01,9.908930659294128418e-01,9.908930659294128418e-01,9.908930659294128418e-01,9.908930659294128418e-01,9.908930659294128418e-01,9.908930659294128418e-01,9.908930659294128418e-01,9.908930659294128418e-01,9.908930659294128418e-01,9.908930659294128418e-01,9.894875884056091309e-01,9.819390177726745605e-01,9.750439524650573730e-01,9.795157313346862793e-01,9.859353899955749512e-01,9.908930659294128418e-01,9.908930659294128418e-01,9.908930659294128418e-01,9.908930659294128418e-01,9.908930659294128418e-01,9.908930659294128418e-01,9.908930659294128418e-01,9.908930659294128418e-01,9.908930659294128418e-01,9.908930659294128418e-01,9.908930659294128418e-01,9.908930659294128418e-01,9.908930659294128418e-01,9.908930659294128418e-01,9.897675514221191406e-01,9.846149086952209473e-01,9.558157324790954590e-01,9.608200192451477051e-01,9.728500247001647949e-01,9.809309840202331543e-01,9.908930659294128418e-01,9.908930659294128418e-01,9.908930659294128418e-01,9.908930659294128418e-01,9.908930659294128418e-01,9.908930659294128418e-01,9.908930659294128418e-01,9.908930659294128418e-01,9.908930659294128418e-01,9.908930659294128418e-01,9.908930659294128418e-01,9.908930659294128418e-01,9.908930659294128418e-01,9.918951392173767090e-01,9.917116165161132812e-01,9.921119213104248047e-01,9.727644920349121094e-01,9.400867819786071777e-01,9.592461585998535156e-01,9.742338061332702637e-01,9.908930659294128418e-01,9.908930659294128418e-01,9.908930659294128418e-01,9.908930659294128418e-01,9.908930659294128418e-01,9.908930659294128418e-01,9.908930659294128418e-01,9.908930659294128418e-01,9.908930659294128418e-01,9.908930659294128418e-01,9.908930659294128418e-01,9.908930659294128418e-01,9.908953309059143066e-01,9.909430146217346191e-01,9.908927083015441895e-01,9.828352928161621094e-01,9.875273108482360840e-01,6.358622312545776367e-01,6.268616318702697754e-01,7.096242904663085938e-01
9.969572424888610840e-01,9.432442784309387207e-01,9.258176684379577637e-01,4.948095381259918213e-01,6.499918103218078613e-01,6.446124911308288574e-01,7.545995116233825684e-01,9.195609092712402344e-01,9.818518757820129395e-01,9.979975819587707520e-01,1.000000000000000000e+00,9.995082020759582520e-01,9.987249970436096191e-01,9.980894923210144043e-01,9.976525306701660156e-01,9.973711967468261719e-01,9.971988797187805176e-01,9.970960021018981934e-01,9.970359802246093750e-01,9.970014691352844238e-01,9.969572424888610840e-01,9.562544226646423340e-01,9.609009623527526855e-01,9.604255557060241699e-01,8.862249851226806641e-01,9.370403289794921875e-01,9.766593575477600098e-01,9.882667660713195801e-01,9.936112761497497559e-01,9.959885478019714355e-01,9.968678355216979980e-01,9.971080422401428223e-01,9.971229434013366699e-01,9.970790743827819824e-01,9.970347285270690918e-01,9.970028996467590332e-01,9.969832301139831543e-01,9.969716072082519531e-01,9.969651699066162109e-01,9.969615340232849121e-01,9.969572424888610840e-01,9.959082603454589844e-01,9.618927836418151855e-01,9.575448036193847656e-01,9.565561413764953613e-01,7.186016440391540527e-01,8.492972850799560547e-01,9.297223091125488281e-01,9.673743247985839844e-01,9.844689369201660156e-01,9.916272759437561035e-01,9.945141673088073730e-01,9.957842826843261719e-01,9.963717460632324219e-01,9.966568946838378906e-01,9.968004226684570312e-01,9.945759773254394531e-01,9.956343173980712891e-01,9.961978793144226074e-01,9.965190291404724121e-01,9.969572424888610840e-01,9.969572424888610840e-01,9.969572424888610840e-01,9.969572424888610840e-01,9.969572424888610840e-01,9.969572424888610840e-01,9.969572424888610840e-01,9.969572424888610840e-01,9.969572424888610840e-01,9.969572424888610840e-01,9.969572424888610840e-01,9.969572424888610840e-01,9.969572424888610840e-01,9.969572424888610840e-01,9.969572424888610840e-01,9.963233470916748047e-01,9.802473187446594238e-01,9.744153022766113281e-01,9.817872047424316406e-01,9.901844859123229980e-01,9.969572424888610840e-01,9.969572424888610840e-01,9.969572424888610840e-01,9.969572424888610840e-01,9.969572424888610840e-01,9.969572424888610840e-01,9.969572424888610840e-01,9.969572424888610840e-01,9.969572424888610840e-01,9.969572424888610840e-01,9.969572424888610840e-01,9.969572424888610840e-01,9.969572424888610840e-01,9.969572424888610840e-01,9.963920116424560547e-01,9.925301671028137207e-01,9.680897593498229980e-01,9.713347554206848145e-01,9.818736910820007324e-01,9.888131022453308105e-01,9.969572424888610840e-01,9.969572424888610840e-01,9.969572424888610840e-01,9.969572424888610840e-01,9.969572424888610840e-01,9.969572424888610840e-01,9.969572424888610840e-01,9.969572424888610840e-01,9.969572424888610840e-01,9.969572424888610840e-01,9.969572424888610840e-01,9.969572424888610840e-01,9.969572424888610840e-01,9.970937371253967285e-01,9.967539906501770020e-01,9.969133734703063965e-01,9.824617505073547363e-01,9.505446553230285645e-01,9.681227803230285645e-01,9.820387959480285645e-01,9.969572424888610840e-01,9.969572424888610840e-01,9.969572424888610840e-01,9.969572424888610840e-01,9.969572424888610840e-01,9.969572424888610840e-01,9.969572424888610840e-01,9.969572424888610840e-01,9.969572424888610840e-01,9.969572424888610840e-01,9.969572424888610840e-01,9.969572424888610840e-01,9.969570040702819824e-01,9.918792247772216797e-01,9.943180084228515625e-01,9.781272411346435547e-01,9.887790679931640625e-01,6.516221165657043457e-01,6.442636847496032715e-01,7.247757911682128906e-01
