1.000000000000000000e+00,1.000000000000000000e+00,9.518355727195739746e-01,9.509635567665100098e-01,9.319418072700500488e-01,8.344964981079101562e-01,9.164093136787414551e-01,9.676583409309387207e-01,9.890267252922058105e-01,9.964125752449035645e-01,9.988663792610168457e-01,9.996457099914550781e-01,9.998908042907714844e-01,9.999669194221496582e-01,9.999901652336120605e-01,9.999970793724060059e-01,9.999991059303283691e-01,9.999997615814208984e-01,1.000000000000000000e+00,1.000000000000000000e+00,1.000000000000000000e+00,1.000000000000000000e+00,1.000000000000000000e+00,9.990861415863037109e-01,9.849377274513244629e-01,9.893496036529541016e-01,9.890825152397155762e-01,9.960398077964782715e-01,9.987177252769470215e-01,9.995918869972229004e-01,9.998726844787597656e-01,9.999604225158691406e-01,9.999877810478210449e-01,9.999963641166687012e-01,9.999988675117492676e-01,9.999995827674865723e-01,1.000000000000000000e+00,1.000000119209289551e+00,1.000000000000000000e+00,1.000000000000000000e+00,1.000000000000000000e+00,1.000000000000000000e+00,1.000000000000000000e+00,9.976403117179870605e-01,9.977917075157165527e-01,9.980330467224121094e-01,8.968604207038879395e-01,9.680692553520202637e-01,9.914261698722839355e-01,9.978644847869873047e-01,9.994938969612121582e-01,9.998849034309387207e-01,9.999707341194152832e-01,9.999925494194030762e-01,9.999981522560119629e-01,9.999995827674865723e-01,9.999998211860656738e-01,9.992344975471496582e-01,9.995450973510742188e-01,9.997916221618652344e-01,1.000000000000000000e+00,1.000000000000000000e+00,1.000000000000000000e+00,1.000000000000000000e+00,1.000000000000000000e+00,1.000000000000000000e+00,1.000000000000000000e+00,1.000000000000000000e+00,1.000000000000000000e+00,1.000000000000000000e+00,1.000000000000000000e+00,1.000000000000000000e+00,1.000000000000000000e+00,1.000000000000000000e+00,1.000000000000000000e+00,1.000000000000000000e+00,9.997966885566711426e-01,9.636042118072509766e-01,9.889709353446960449e-01,9.969997406005859375e-01,1.000000000000000000e+00,1.000000000000000000e+00,1.000000000000000000e+00,1.000000000000000000e+00,1.000000000000000000e+00,1.000000000000000000e+00,1.000000000000000000e+00,1.000000000000000000e+00,1.000000000000000000e+00,1.000000000000000000e+00,1.000000000000000000e+00,1.000000000000000000e+00,1.000000000000000000e+00,1.000000000000000000e+00,1.000000000000000000e+00,9.994845390319824219e-01,9.946948885917663574e-01,9.635227322578430176e-01,9.878514409065246582e-01,9.963762760162353516e-01,1.000000000000000000e+00,1.000000000000000000e+00,1.000000000000000000e+00,1.000000000000000000e+00,1.000000000000000000e+00,1.000000000000000000e+00,1.000000000000000000e+00,1.000000000000000000e+00,1.000000000000000000e+00,1.000000000000000000e+00,1.000000000000000000e+00,1.000000000000000000e+00,1.000000000000000000e+00,1.000000000000000000e+00,9.986703991889953613e-01,9.978758692741394043e-01,9.952141642570495605e-01,9.179332852363586426e-01,9.728278517723083496e-01,9.918878674507141113e-01,1.000000000000000000e+00,1.000000000000000000e+00,1.000000000000000000e+00,1.000000000000000000e+00,1.000000000000000000e+00,1.000000000000000000e+00,1.000000000000000000e+00,1.000000000000000000e+00,1.000000000000000000e+00,1.000000000000000000e+00,1.000000000000000000e+00,1.000000000000000000e+00,1.000000000000000000e+00,9.995574355125427246e-01,9.907951951026916504e-01,9.972547888755798340e-01,9.988667368888854980e-01,4.618953764438629150e-01,7.359158396720886230e-01,8.966662287712097168e-01
1.000000000000000000e+00,1.000000000000000000e+00,9.518355727195739746e-01,9.509635567665100098e-01,9.319418072700500488e-01,8.344964981079101562e-01,9.164093136787414551e-01,9.676583409309387207e-01,9.890267252922058105e-01,9.964125752449035645e-01,9.988663792610168457e-01,9.996457099914550781e-01,9.998908042907714844e-01,9.999669194221496582e-01,9.999901652336120605e-01,9.999970793724060059e-01,9.999991059303283691e-01,9.999997615814208984e-01,1.000000000000000000e+00,1.000000000000000000e+00,1.000000000000000000e+00,1.000000000000000000e+00,1.000000000000000000e+00,9.990861415863037109e-01,9.849377274513244629e-01,9.893496036529541016e-01,9.890825152397155762e-01,9.960398077964782715e-01,9.987177252769470215e-01,9.995918869972229004e-01,9.998726844787597656e-01,9.999604225158691406e-01,9.999877810478210449e-01,9.999963641166687012e-01,9.999988675117492676e-01,9.999995827674865723e-01,1.000000000000000000e+00,1.000000119209289551e+00,1.000000000000000000e+00,1.000000000000000000e+00,1.000000000000000000e+00,1.000000000000000000e+00,1.000000000000000000e+00,9.976403117179870605e-01,9.977917075157165527e-01,9.980330467224121094e-01,8.968604207038879395e-01,9.680692553520202637e-01,9.914261698722839355e-01,9.978644847869873047e-01,9.994938969612121582e-01,9.998849034309387207e-01,9.999707341194152832e-01,9.999925494194030762e-01,9.999981522560119629e-01,9.999995827674865723e-01,9.999998211860656738e-01,9.992344975471496582e-01,9.995450973510742188e-01,9.997916221618652344e-01,1.000000000000000000e+00,1.000000000000000000e+00,1.000000000000000000e+00,1.000000000000000000e+00,1.000000000000000000e+00,1.000000000000000000e+00,1.000000000000000000e+00,1.000000000000000000e+00,1.000000000000000000e+00,1.000000000000000000e+00,1.000000000000000000e+00,1.000000000000000000e+00,1.000000000000000000e+00,1.000000000000000000e+00,1.000000000000000000e+00,1.000000000000000000e+00,9.997966885566711426e-01,9.636042118072509766e-01,9.889709353446960449e-01,9.969997406005859375e-01,1.000000000000000000e+00,1.000000000000000000e+00,1.000000000000000000e+00,1.000000000000000000e+00,1.000000000000000000e+00,1.000000000000000000e+00,1.000000000000000000e+00,1.000000000000000000e+00,1.000000000000000000e+00,1.000000000000000000e+00,1.000000000000000000e+00,1.000000000000000000e+00,1.000000000000000000e+00,1.000000000000000000e+00,1.000000000000000000e+00,9.994845390319824219e-01,9.946948885917663574e-01,9.635227322578430176e-01,9.878514409065246582e-01,9.963762760162353516e-01,1.000000000000000000e+00,1.000000000000000000e+00,1.000000000000000000e+00,1.000000000000000000e+00,1.000000000000000000e+00,1.000000000000000000e+00,1.000000000000000000e+00,1.000000000000000000e+00,1.000000000000000000e+00,1.000000000000000000e+00,1.000000000000000000e+00,1.000000000000000000e+00,1.000000000000000000e+00,1.000000000000000000e+00,9.986703991889953613e-01,9.978758692741394043e-01,9.952141642570495605e-01,9.179332852363586426e-01,9.728278517723083496e-01,9.918878674507141113e-01,1.000000000000000000e+00,1.000000000000000000e+00,1.000000000000000000e+00,1.000000000000000000e+00,1.000000000000000000e+00,1.000000000000000000e+00,1.000000000000000000e+00,1.000000000000000000e+00,1.000000000000000000e+00,1.000000000000000000e+00,1.000000000000000000e+00,1.000000000000000000e+00,1.000000000000000000e+00,9.995574355125427246e-01,9.907951951026916504e-01,9.972547888755798340e-01,9.988667368888854980e-01,4.618953764438629150e-01,7.359158396720886230e-01,8.966662287712097168e-01
9.518355727195739746e-01,9.518355727195739746e-01,1.000000000000000000e+00,9.451525807380676270e-01,8.784342408180236816e-01,8.055116534233093262e-01,8.764185905456542969e-01,9.222424626350402832e-01,9.422367215156555176e-01,9.489169120788574219e-01,9.509589076042175293e-01,9.515803456306457520e-01,9.517708420753479004e-01,9.518241882324218750e-01,9.518370032310485840e-01,9.518386721611022949e-01,9.518380165100097656e-01,9.518370628356933594e-01,9.518364071846008301e-01,9.518361091613769531e-01,9.518355727195739746e-01,9.518355727195739746e-01,9.518355727195739746e-01,9.521082043647766113e-01,9.547181725502014160e-01,9.555057883262634277e-01,9.465324878692626953e-01,9.499335289001464844e-01,9.505422711372375488e-01,9.509533047676086426e-01,9.512433409690856934e-01,9.514496326446533203e-01,9.515948891639709473e-01,9.516903758049011230e-01,9.517502188682556152e-01,9.517864584922790527e-01,9.518077373504638672e-01,9.518199563026428223e-01,9.518268704414367676e-01,9.518308043479919434e-01,9.518355727195739746e-01,9.518355727195739746e-01,9.518355727195739746e-01,9.633808732032775879e-01,9.612432122230529785e-01,9.570674300193786621e-01,8.119980692863464355e-01,8.921490311622619629e-01,9.272915720939636230e-01,9.413464069366455078e-01,9.470955729484558105e-01,9.496108889579772949e-01,9.507599472999572754e-01,9.513106346130371094e-01,9.515781402587890625e-01,9.517090916633605957e-01,9.517734050750732422e-01,9.464731812477111816e-01,9.480544924736022949e-01,9.494433999061584473e-01,9.518355727195739746e-01,9.518355727195739746e-01,9.518355727195739746e-01,9.518355727195739746e-01,9.518355727195739746e-01,9.518355727195739746e-01,9.518355727195739746e-01,9.518355727195739746e-01,9.518355727195739746e-01,9.518355727195739746e-01,9.518355727195739746e-01,9.518355727195739746e-01,9.518355727195739746e-01,9.518355727195739746e-01,9.518355727195739746e-01,9.518355727195739746e-01,9.484624266624450684e-01,9.642824530601501465e-01,9.683687686920166016e-01,9.632816314697265625e-01,9.518355727195739746e-01,9.518355727195739746e-01,9.518355727195739746e-01,9.518355727195739746e-01,9.518355727195739746e-01,9.518355727195739746e-01,9.518355727195739746e-01,9.518355727195739746e-01,9.518355727195739746e-01,9.518355727195739746e-01,9.518355727195739746e-01,9.518355727195739746e-01,9.518355727195739746e-01,9.518355727195739746e-01,9.518355727195739746e-01,9.464672207832336426e-01,9.511542320251464844e-01,9.587423205375671387e-01,9.640192985534667969e-01,9.613709449768066406e-01,9.518355727195739746e-01,9.518355727195739746e-01,9.518355727195739746e-01,9.518355727195739746e-01,9.518355727195739746e-01,9.518355727195739746e-01,9.518355727195739746e-01,9.518355727195739746e-01,9.518355727195739746e-01,9.518355727195739746e-01,9.518355727195739746e-01,9.518355727195739746e-01,9.518355727195739746e-01,9.518355727195739746e-01,9.452057480812072754e-01,9.417946934700012207e-01,9.633302688598632812e-01,9.181278347969055176e-01,9.490472674369812012e-01,9.552162289619445801e-01,9.518355727195739746e-01,9.518355727195739746e-01,9.518355727195739746e-01,9.518355727195739746e-01,9.518355727195739746e-01,9.518355727195739746e-01,9.518355727195739746e-01,9.518355727195739746e-01,9.518355727195739746e-01,9.518355727195739746e-01,9.518355727195739746e-01,9.518355727195739746e-01,9.518355727195739746e-01,9.509114623069763184e-01,9.573948383331298828e-01,9.572243690490722656e-01,9.536429047584533691e-01,5.026116371154785156e-01,7.593078017234802246e-01,8.908486366271972656e-01
9.509635567665100098e-01,9.509635567665100098e-01,9.451525807380676270e-01,1.000000000000000000e+00,9.003979563713073730e-01,7.675980925559997559e-01,8.510884642601013184e-01,9.057602882385253906e-01,9.319269061088562012e-01,9.425663948059082031e-01,9.469919204711914062e-01,9.489736557006835938e-01,9.499280452728271484e-01,9.504129290580749512e-01,9.506676197052001953e-01,9.508039355278015137e-01,9.508776068687438965e-01,9.509174227714538574e-01,9.509387612342834473e-01,9.509503245353698730e-01,9.509635567665100098e-01,9.509635567665100098e-01,9.509635567665100098e-01,9.467044472694396973e-01,9.607712626457214355e-01,9.606103301048278809e-01,9.610045552253723145e-01,9.550307393074035645e-01,9.526308178901672363e-01,9.515519142150878906e-01,9.511101841926574707e-01,9.509475231170654297e-01,9.509074091911315918e-01,9.509100914001464844e-01,9.509237408638000488e-01,9.509370326995849609e-01,9.509468674659729004e-01,9.509534835815429688e-01,9.509577155113220215e-01,9.509603381156921387e-01,9.509635567665100098e-01,9.509635567665100098e-01,9.509635567665100098e-01,9.563691020011901855e-01,9.554786682128906250e-01,9.540498852729797363e-01,7.934536933898925781e-01,8.834800124168395996e-01,9.228773713111877441e-01,9.388973116874694824e-01,9.455999732017517090e-01,9.485570788383483887e-01,9.497966170310974121e-01,9.503924250602722168e-01,9.506825804710388184e-01,9.508249163627624512e-01,9.508951306343078613e-01,9.453433156013488770e-01,9.467101097106933594e-01,9.481654763221740723e-01,9.509635567665100098e-01,9.509635567665100098e-01,9.509635567665100098e-01,9.509635567665100098e-01,9.509635567665100098e-01,9.509635567665100098e-01,9.509635567665100098e-01,9.509635567665100098e-01,9.509635567665100098e-01,9.509635567665100098e-01,9.509635567665100098e-01,9.509635567665100098e-01,9.509635567665100098e-01,9.509635567665100098e-01,9.509635567665100098e-01,9.509635567665100098e-01,9.489893913269042969e-01,9.555295109748840332e-01,9.600434303283691406e-01,9.575235247611999512e-01,9.509635567665100098e-01,9.509635567665100098e-01,9.509635567665100098e-01,9.509635567665100098e-01,9.509635567665100098e-01,9.509635567665100098e-01,9.509635567665100098e-01,9.509635567665100098e-01,9.509635567665100098e-01,9.509635567665100098e-01,9.509635567665100098e-01,9.509635567665100098e-01,9.509635567665100098e-01,9.509635567665100098e-01,9.509635567665100098e-01,9.480751156806945801e-01,9.346961379051208496e-01,9.290123581886291504e-01,9.470405578613281250e-01,9.516938328742980957e-01,9.509635567665100098e-01,9.509635567665100098e-01,9.509635567665100098e-01,9.509635567665100098e-01,9.509635567665100098e-01,9.509635567665100098e-01,9.509635567665100098e-01,9.509635567665100098e-01,9.509635567665100098e-01,9.509635567665100098e-01,9.509635567665100098e-01,9.509635567665100098e-01,9.509635567665100098e-01,9.509635567665100098e-01,9.475485682487487793e-01,9.483839869499206543e-01,9.491426348686218262e-01,8.635678291320800781e-01,9.180701375007629395e-01,9.385426640510559082e-01,9.509635567665100098e-01,9.509635567665100098e-01,9.509635567665100098e-01,9.509635567665100098e-01,9.509635567665100098e-01,9.509635567665100098e-01,9.509635567665100098e-01,9.509635567665100098e-01,9.509635567665100098e-01,9.509635567665100098e-01,9.509635567665100098e-01,9.509635567665100098e-01,9.509635567665100098e-01,9.527940154075622559e-01,9.634852409362792969e-01,9.596601128578186035e-01,9.556513428688049316e-01,4.232863187789916992e-01,6.751103997230529785e-01,8.362298011779785156e-01
9.319418072700500488e-01,9.319418072700500488e-01,8.784342408180236816e-01,9.003979563713073730e-01,1.000000000000000000e+00,9.010978341102600098e-01,9.534335732460021973e-01,9.649177193641662598e-01,9.573667645454406738e-01,9.483839869499206543e-01,9.418618083000183105e-01,9.376812577247619629e-01,9.352008700370788574e-01,9.337586760520935059e-01,9.329416155815124512e-01,9.324865341186523438e-01,9.322364926338195801e-01,9.321002364158630371e-01,9.320264458656311035e-01,9.319869875907897949e-01,9.319418072700500488e-01,9.319418072700500488e-01,9.319418072700500488e-01,9.365463256835937500e-01,9.354035258293151855e-01,9.030874371528625488e-01,9.310458302497863770e-01,9.371828436851501465e-01,9.361311793327331543e-01,9.348002076148986816e-01,9.337099194526672363e-01,9.329881668090820312e-01,9.325429797172546387e-01,9.322802424430847168e-01,9.321295619010925293e-01,9.320448040962219238e-01,9.319979548454284668e-01,9.319722056388854980e-01,9.319580197334289551e-01,9.319505095481872559e-01,9.319418072700500488e-01,9.319418072700500488e-01,9.319418072700500488e-01,9.322354793548583984e-01,9.264178872108459473e-01,9.239235520362854004e-01,8.503409028053283691e-01,9.088793396949768066e-01,9.261438250541687012e-01,9.303941726684570312e-01,9.313006997108459473e-01,9.314907193183898926e-01,9.317107796669006348e-01,9.318178296089172363e-01,9.318742752075195312e-01,9.319049715995788574e-01,9.319217205047607422e-01,9.301476478576660156e-01,9.304332733154296875e-01,9.309304356575012207e-01,9.319418072700500488e-01,9.319418072700500488e-01,9.319418072700500488e-01,9.319418072700500488e-01,9.319418072700500488e-01,9.319418072700500488e-01,9.319418072700500488e-01,9.319418072700500488e-01,9.319418072700500488e-01,9.319418072700500488e-01,9.319418072700500488e-01,9.319418072700500488e-01,9.319418072700500488e-01,9.319418072700500488e-01,9.319418072700500488e-01,9.319418072700500488e-01,9.288270473480224609e-01,8.918366432189941406e-01,9.183912277221679688e-01,9.274323582649230957e-01,9.319418072700500488e-01,9.319418072700500488e-01,9.319418072700500488e-01,9.319418072700500488e-01,9.319418072700500488e-01,9.319418072700500488e-01,9.319418072700500488e-01,9.319418072700500488e-01,9.319418072700500488e-01,9.319418072700500488e-01,9.319418072700500488e-01,9.319418072700500488e-01,9.319418072700500488e-01,9.319418072700500488e-01,9.319418072700500488e-01,9.267606735229492188e-01,9.223144650459289551e-01,8.776080012321472168e-01,9.080894589424133301e-01,9.214310050010681152e-01,9.319418072700500488e-01,9.319418072700500488e-01,9.319418072700500488e-01,9.319418072700500488e-01,9.319418072700500488e-01,9.319418072700500488e-01,9.319418072700500488e-01,9.319418072700500488e-01,9.319418072700500488e-01,9.319418072700500488e-01,9.319418072700500488e-01,9.319418072700500488e-01,9.319418072700500488e-01,9.319418072700500488e-01,9.242611527442932129e-01,9.232272505760192871e-01,9.323906898498535156e-01,8.099503517150878906e-01,8.769362568855285645e-01,9.070938229560852051e-01,9.319418072700500488e-01,9.319418072700500488e-01,9.319418072700500488e-01,9.319418072700500488e-01,9.319418072700500488e-01,9.319418072700500488e-01,9.319418072700500488e-01,9.319418072700500488e-01,9.319418072700500488e-01,9.319418072700500488e-01,9.319418072700500488e-01,9.319418072700500488e-01,9.319418072700500488e-01,9.338502883911132812e-01,9.373911023139953613e-01,9.375033974647521973e-01,9.338743686676025391e-01,4.531909227371215820e-01,6.806935667991638184e-01,8.199062347412109375e-01
8.344964981079101562e-01,8.344964981079101562e-01,8.055116534233093262e-01,7.675980925559997559e-01,9.010978341102600098e-01,1.000000000000000000e+00,9.781472682952880859e-01,9.366360306739807129e-01,8.975365757942199707e-01,8.715235590934753418e-01,8.556681275367736816e-01,8.464266657829284668e-01,8.411538004875183105e-01,8.381716609001159668e-01,8.365075588226318359e-01,8.355887532234191895e-01,8.350860476493835449e-01,8.348130583763122559e-01,8.346655964851379395e-01,8.345864415168762207e-01,8.344964981079101562e-01,8.344964981079101562e-01,8.344964981079101562e-01,8.417554497718811035e-01,8.173534274101257324e-01,7.882938385009765625e-01,8.182765841484069824e-01,8.330997824668884277e-01,8.353288769721984863e-01,8.356752395629882812e-01,8.354369997978210449e-01,8.351380825042724609e-01,8.349015712738037109e-01,8.347406387329101562e-01,8.346391320228576660e-01,8.345780968666076660e-01,8.345424532890319824e-01,8.345219492912292480e-01,8.345105648040771484e-01,8.345040678977966309e-01,8.344964981079101562e-01,8.344964981079101562e-01,8.344964981079101562e-01,8.395557403564453125e-01,8.324853777885437012e-01,8.266069889068603516e-01,7.825762629508972168e-01,8.183835148811340332e-01,8.293719887733459473e-01,8.323274254798889160e-01,8.331578373908996582e-01,8.334974646568298340e-01,8.339667320251464844e-01,8.342133164405822754e-01,8.343448638916015625e-01,8.344154357910156250e-01,8.344533443450927734e-01,8.405935168266296387e-01,8.392313122749328613e-01,8.377418518066406250e-01,8.344964981079101562e-01,8.344964981079101562e-01,8.344964981079101562e-01,8.344964981079101562e-01,8.344964981079101562e-01,8.344964981079101562e-01,8.344964981079101562e-01,8.344964981079101562e-01,8.344964981079101562e-01,8.344964981079101562e-01,8.344964981079101562e-01,8.344964981079101562e-01,8.344964981079101562e-01,8.344964981079101562e-01,8.344964981079101562e-01,8.344964981079101562e-01,8.304266929626464844e-01,7.709243893623352051e-01,8.070421218872070312e-01,8.232126832008361816e-01,8.344964981079101562e-01,8.344964981079101562e-01,8.344964981079101562e-01,8.344964981079101562e-01,8.344964981079101562e-01,8.344964981079101562e-01,8.344964981079101562e-01,8.344964981079101562e-01,8.344964981079101562e-01,8.344964981079101562e-01,8.344964981079101562e-01,8.344964981079101562e-01,8.344964981079101562e-01,8.344964981079101562e-01,8.344964981079101562e-01,8.273229598999023438e-01,8.604301810264587402e-01,7.932763099670410156e-01,8.142537474632263184e-01,8.247786164283752441e-01,8.344964981079101562e-01,8.344964981079101562e-01,8.344964981079101562e-01,8.344964981079101562e-01,8.344964981079101562e-01,8.344964981079101562e-01,8.344964981079101562e-01,8.344964981079101562e-01,8.344964981079101562e-01,8.344964981079101562e-01,8.344964981079101562e-01,8.344964981079101562e-01,8.344964981079101562e-01,8.344964981079101562e-01,8.220443725585937500e-01,8.174896836280822754e-01,8.484935760498046875e-01,7.563923001289367676e-01,7.985809445381164551e-01,8.180496096611022949e-01,8.344964981079101562e-01,8.344964981079101562e-01,8.344964981079101562e-01,8.344964981079101562e-01,8.344964981079101562e-01,8.344964981079101562e-01,8.344964981079101562e-01,8.344964981079101562e-01,8.344964981079101562e-01,8.344964981079101562e-01,8.344964981079101562e-01,8.344964981079101562e-01,8.344964981079101562e-01,8.361820578575134277e-01,8.205615878105163574e-01,8.295295238494873047e-01,8.288308978080749512e-01,5.618439316749572754e-01,7.242119312286376953e-01,7.830567359924316406e-01
9.164093136787414551e-01,9.164093136787414551e-01,8.764185905456542969e-01,8.510884642601013184e-01,9.534335732460021973e-01,9.781472682952880859e-01,1.000000000000000000e+00,9.865290522575378418e-01,9.631583094596862793e-01,9.449496269226074219e-01,9.330870509147644043e-01,9.259212017059326172e-01,9.217492938041687012e-01,9.193676114082336426e-01,9.180315136909484863e-01,9.172916412353515625e-01,9.168859124183654785e-01,9.166653156280517578e-01,9.165461659431457520e-01,9.164821505546569824e-01,9.164093136787414551e-01,9.164093136787414551e-01,9.164093136787414551e-01,9.228168129920959473e-01,9.062498211860656738e-01,8.770065307617187500e-01,9.061565399169921875e-01,9.174911975860595703e-01,9.186484217643737793e-01,9.183327555656433105e-01,9.177294373512268066e-01,9.172396659851074219e-01,9.169070720672607422e-01,9.166986942291259766e-01,9.165739417076110840e-01,9.165015220642089844e-01,9.164602756500244141e-01,9.164372086524963379e-01,9.164244532585144043e-01,9.164174199104309082e-01,9.164093136787414551e-01,9.164093136787414551e-01,9.164093136787414551e-01,9.206493496894836426e-01,9.155141711235046387e-01,9.110913872718811035e-01,8.345171809196472168e-01,8.889113068580627441e-01,9.073598980903625488e-01,9.129697680473327637e-01,9.147399067878723145e-01,9.154098629951477051e-01,9.159033298492431641e-01,9.161482453346252441e-01,9.162735342979431152e-01,9.163384437561035156e-01,9.163723587989807129e-01,9.198808073997497559e-01,9.190958142280578613e-01,9.182724952697753906e-01,9.164093136787414551e-01,9.164093136787414551e-01,9.164093136787414551e-01,9.164093136787414551e-01,9.164093136787414551e-01,9.164093136787414551e-01,9.164093136787414551e-01,9.164093136787414551e-01,9.164093136787414551e-01,9.164093136787414551e-01,9.164093136787414551e-01,9.164093136787414551e-01,9.164093136787414551e-01,9.164093136787414551e-01,9.164093136787414551e-01,9.164093136787414551e-01,9.129600524902343750e-01,8.521260619163513184e-01,8.895142674446105957e-01,9.055288434028625488e-01,9.164093136787414551e-01,9.164093136787414551e-01,9.164093136787414551e-01,9.164093136787414551e-01,9.164093136787414551e-01,9.164093136787414551e-01,9.164093136787414551e-01,9.164093136787414551e-01,9.164093136787414551e-01,9.164093136787414551e-01,9.164093136787414551e-01,9.164093136787414551e-01,9.164093136787414551e-01,9.164093136787414551e-01,9.164093136787414551e-01,9.103159904479980469e-01,9.325982928276062012e-01,8.667402267456054688e-01,8.930552601814270020e-01,9.056156277656555176e-01,9.164093136787414551e-01,9.164093136787414551e-01,9.164093136787414551e-01,9.164093136787414551e-01,9.164093136787414551e-01,9.164093136787414551e-01,9.164093136787414551e-01,9.164093136787414551e-01,9.164093136787414551e-01,9.164093136787414551e-01,9.164093136787414551e-01,9.164093136787414551e-01,9.164093136787414551e-01,9.164093136787414551e-01,9.063372015953063965e-01,9.029426574707031250e-01,9.237536787986755371e-01,8.184871673583984375e-01,8.721692562103271484e-01,8.965973258018493652e-01,9.164093136787414551e-01,9.164093136787414551e-01,9.164093136787414551e-01,9.164093136787414551e-01,9.164093136787414551e-01,9.164093136787414551e-01,9.164093136787414551e-01,9.164093136787414551e-01,9.164093136787414551e-01,9.164093136787414551e-01,9.164093136787414551e-01,9.164093136787414551e-01,9.164093136787414551e-01,9.180812239646911621e-01,9.039877057075500488e-01,9.126148223876953125e-01,9.119848608970642090e-01,5.281233191490173340e-01,7.323371767997741699e-01,8.314373493194580078e-01
9.676583409309387207e-01,9.676583409309387207e-01,9.222424626350402832e-01,9.057602882385253906e-01,9.649177193641662598e-01,9.366360306739807129e-01,9.865290522575378418e-01,1.000000000000000000e+00,9.939539432525634766e-01,9.850707054138183594e-01,9.782353043556213379e-01,9.738132357597351074e-01,9.711516499519348145e-01,9.696055054664611816e-01,9.687297940254211426e-01,9.682423472404479980e-01,9.679741859436035156e-01,9.678282737731933594e-01,9.677492976188659668e-01,9.677067399024963379e-01,9.676583409309387207e-01,9.676583409309387207e-01,9.676583409309387207e-01,9.715542793273925781e-01,9.565200805664062500e-01,9.375208020210266113e-01,9.574548602104187012e-01,9.672554135322570801e-01,9.688757061958312988e-01,9.689046740531921387e-01,9.685563445091247559e-01,9.682328104972839355e-01,9.680049419403076172e-01,9.678602218627929688e-01,9.677732586860656738e-01,9.677226543426513672e-01,9.676938652992248535e-01,9.676777720451354980e-01,9.676690101623535156e-01,9.676641821861267090e-01,9.676583409309387207e-01,9.676583409309387207e-01,9.676583409309387207e-01,9.693801999092102051e-01,9.664117693901062012e-01,9.637668132781982422e-01,8.710498809814453125e-01,9.356913566589355469e-01,9.576258659362792969e-01,9.642028212547302246e-01,9.661863446235656738e-01,9.668678641319274902e-01,9.672713875770568848e-01,9.674631953239440918e-01,9.675583839416503906e-01,9.676067829132080078e-01,9.676318168640136719e-01,9.696117043495178223e-01,9.692080616950988770e-01,9.687706828117370605e-01,9.676583409309387207e-01,9.676583409309387207e-01,9.676583409309387207e-01,9.676583409309387207e-01,9.676583409309387207e-01,9.676583409309387207e-01,9.676583409309387207e-01,9.676583409309387207e-01,9.676583409309387207e-01,9.676583409309387207e-01,9.676583409309387207e-01,9.676583409309387207e-01,9.676583409309387207e-01,9.676583409309387207e-01,9.676583409309387207e-01,9.676583409309387207e-01,9.654123187065124512e-01,9.104998707771301270e-01,9.452864527702331543e-01,9.591128826141357422e-01,9.676583409309387207e-01,9.676583409309387207e-01,9.676583409309387207e-01,9.676583409309387207e-01,9.676583409309387207e-01,9.676583409309387207e-01,9.676583409309387207e-01,9.676583409309387207e-01,9.676583409309387207e-01,9.676583409309387207e-01,9.676583409309387207e-01,9.676583409309387207e-01,9.676583409309387207e-01,9.676583409309387207e-01,9.676583409309387207e-01,9.635562300682067871e-01,9.760240912437438965e-01,9.195210933685302734e-01,9.468472003936767578e-01,9.587669968605041504e-01,9.676583409309387207e-01,9.676583409309387207e-01,9.676583409309387207e-01,9.676583409309387207e-01,9.676583409309387207e-01,9.676583409309387207e-01,9.676583409309387207e-01,9.676583409309387207e-01,9.676583409309387207e-01,9.676583409309387207e-01,9.676583409309387207e-01,9.676583409309387207e-01,9.676583409309387207e-01,9.676583409309387207e-01,9.604983329772949219e-01,9.580592513084411621e-01,9.700934886932373047e-01,8.692810535430908203e-01,9.265820384025573730e-01,9.506382942199707031e-01,9.676583409309387207e-01,9.676583409309387207e-01,9.676583409309387207e-01,9.676583409309387207e-01,9.676583409309387207e-01,9.676583409309387207e-01,9.676583409309387207e-01,9.676583409309387207e-01,9.676583409309387207e-01,9.676583409309387207e-01,9.676583409309387207e-01,9.676583409309387207e-01,9.676583409309387207e-01,9.687786102294921875e-01,9.561032652854919434e-01,9.642177224159240723e-01,9.645115733146667480e-01,5.041690468788146973e-01,7.413754463195800781e-01,8.689883351325988770e-01
9.890267252922058105e-01,9.890267252922058105e-01,9.422367215156555176e-01,9.319269061088562012e-01,9.573667645454406738e-01,8.975365757942199707e-01,9.631583094596862793e-01,9.939539432525634766e-01,1.000000000000000000e+00,9.979438185691833496e-01,9.948950409889221191e-01,9.925737380981445312e-01,9.910795092582702637e-01,9.901829361915588379e-01,9.896664619445800781e-01,9.893763661384582520e-01,9.892162680625915527e-01,9.891287684440612793e-01,9.890812039375305176e-01,9.890556931495666504e-01,9.890267252922058105e-01,9.890267252922058105e-01,9.890267252922058105e-01,9.909049868583679199e-01,9.766352772712707520e-01,9.668509364128112793e-01,9.789104461669921875e-01,9.874064922332763672e-01,9.893730282783508301e-01,9.896852374076843262e-01,9.895554184913635254e-01,9.893774986267089844e-01,9.892414212226867676e-01,9.891524314880371094e-01,9.890982508659362793e-01,9.890667796134948730e-01,9.890487790107727051e-01,9.890388846397399902e-01,9.890332221984863281e-01,9.890303015708923340e-01,9.890267252922058105e-01,9.890267252922058105e-01,9.890267252922058105e-01,9.891038537025451660e-01,9.876947999000549316e-01,9.863283038139343262e-01,8.847246766090393066e-01,9.548223614692687988e-01,9.786105751991271973e-01,9.856789708137512207e-01,9.877510666847229004e-01,9.884173274040222168e-01,9.887408614158630371e-01,9.888866543769836426e-01,9.889564514160156250e-01,9.889910817146301270e-01,9.890086054801940918e-01,9.898591637611389160e-01,9.897467494010925293e-01,9.895923137664794922e-01,9.890267252922058105e-01,9.890267252922058105e-01,9.890267252922058105e-01,9.890267252922058105e-01,9.890267252922058105e-01,9.890267252922058105e-01,9.890267252922058105e-01,9.890267252922058105e-01,9.890267252922058105e-01,9.890267252922058105e-01,9.890267252922058105e-01,9.890267252922058105e-01,9.890267252922058105e-01,9.890267252922058105e-01,9.890267252922058105e-01,9.890267252922058105e-01,9.876878857612609863e-01,9.397097229957580566e-01,9.710847735404968262e-01,9.826734066009521484e-01,9.890267252922058105e-01,9.890267252922058105e-01,9.890267252922058105e-01,9.890267252922058105e-01,9.890267252922058105e-01,9.890267252922058105e-01,9.890267252922058105e-01,9.890267252922058105e-01,9.890267252922058105e-01,9.890267252922058105e-01,9.890267252922058105e-01,9.890267252922058105e-01,9.890267252922058105e-01,9.890267252922058105e-01,9.890267252922058105e-01,9.864704608917236328e-01,9.919643402099609375e-01,9.448164105415344238e-01,9.714433550834655762e-01,9.821769595146179199e-01,9.890267252922058105e-01,9.890267252922058105e-01,9.890267252922058105e-01,9.890267252922058105e-01,9.890267252922058105e-01,9.890267252922058105e-01,9.890267252922058105e-01,9.890267252922058105e-01,9.890267252922058105e-01,9.890267252922058105e-01,9.890267252922058105e-01,9.890267252922058105e-01,9.890267252922058105e-01,9.890267252922058105e-01,9.842403531074523926e-01,9.825112819671630859e-01,9.881238937377929688e-01,8.952443003654479980e-01,9.526737332344055176e-01,9.752009510993957520e-01,9.890267252922058105e-01,9.890267252922058105e-01,9.890267252922058105e-01,9.890267252922058105e-01,9.890267252922058105e-01,9.890267252922058105e-01,9.890267252922058105e-01,9.890267252922058105e-01,9.890267252922058105e-01,9.890267252922058105e-01,9.890267252922058105e-01,9.890267252922058105e-01,9.890267252922058105e-01,9.896841049194335938e-01,9.784597754478454590e-01,9.859181046485900879e-01,9.868659973144531250e-01,4.855028092861175537e-01,7.411878705024719238e-01,8.852328658103942871e-01
9.964125752449035645e-01,9.964125752449035645e-01,9.489169120788574219e-01,9.425663948059082031e-01,9.483839869499206543e-01,8.715235590934753418e-01,9.449496269226074219e-01,9.850707054138183594e-01,9.979438185691833496e-01,1.000000000000000000e+00,9.993081688880920410e-01,9.983071684837341309e-01,9.975503087043762207e-01,9.970656037330627441e-01,9.967775940895080566e-01,9.966132044792175293e-01,9.965214729309082031e-01,9.964713454246520996e-01,9.964440464973449707e-01,9.964292645454406738e-01,9.964125752449035645e-01,9.964125752449035645e-01,9.964125752449035645e-01,9.970941543579101562e-01,9.829576611518859863e-01,9.792049527168273926e-01,9.860334992408752441e-01,9.938614368438720703e-01,9.961135387420654297e-01,9.966471791267395020e-01,9.966797828674316406e-01,9.966071248054504395e-01,9.965361952781677246e-01,9.964861869812011719e-01,9.964548945426940918e-01,9.964362978935241699e-01,9.964256286621093750e-01,9.964197278022766113e-01,9.964163899421691895e-01,9.964146018028259277e-01,9.964125752449035645e-01,9.964125752449035645e-01,9.964125752449035645e-01,9.954693913459777832e-01,9.947856068611145020e-01,9.941231608390808105e-01,8.912815451622009277e-01,9.626277089118957520e-01,9.865626692771911621e-01,9.934926629066467285e-01,9.954275488853454590e-01,9.959976077079772949e-01,9.962285161018371582e-01,9.963255524635314941e-01,9.963698983192443848e-01,9.963911175727844238e-01,9.964017868041992188e-01,9.965782165527343750e-01,9.966434836387634277e-01,9.966567158699035645e-01,9.964125752449035645e-01,9.964125752449035645e-01,9.964125752449035645e-01,9.964125752449035645e-01,9.964125752449035645e-01,9.964125752449035645e-01,9.964125752449035645e-01,9.964125752449035645e-01,9.964125752449035645e-01,9.964125752449035645e-01,9.964125752449035645e-01,9.964125752449035645e-01,9.964125752449035645e-01,9.964125752449035645e-01,9.964125752449035645e-01,9.964125752449035645e-01,9.955740571022033691e-01,9.523796439170837402e-01,9.813566207885742188e-01,9.914746880531311035e-01,9.964125752449035645e-01,9.964125752449035645e-01,9.964125752449035645e-01,9.964125752449035645e-01,9.964125752449035645e-01,9.964125752449035645e-01,9.964125752449035645e-01,9.964125752449035645e-01,9.964125752449035645e-01,9.964125752449035645e-01,9.964125752449035645e-01,9.964125752449035645e-01,9.964125752449035645e-01,9.964125752449035645e-01,9.964125752449035645e-01,9.947366714477539062e-01,9.959543347358703613e-01,9.553604125976562500e-01,9.811164736747741699e-01,9.909397959709167480e-01,9.964125752449035645e-01,9.964125752449035645e-01,9.964125752449035645e-01,9.964125752449035645e-01,9.964125752449035645e-01,9.964125752449035645e-01,9.964125752449035645e-01,9.964125752449035645e-01,9.964125752449035645e-01,9.964125752449035645e-01,9.964125752449035645e-01,9.964125752449035645e-01,9.964125752449035645e-01,9.964125752449035645e-01,9.930788874626159668e-01,9.917731285095214844e-01,9.938222765922546387e-01,9.072673916816711426e-01,9.638511538505554199e-01,9.849861264228820801e-01,9.964125752449035645e-01,9.964125752449035645e-01,9.964125752449035645e-01,9.964125752449035645e-01,9.964125752449035645e-01,9.964125752449035645e-01,9.964125752449035645e-01,9.964125752449035645e-01,9.964125752449035645e-01,9.964125752449035645e-01,9.964125752449035645e-01,9.964125752449035645e-01,9.964125752449035645e-01,9.966397881507873535e-01,9.863869547843933105e-01,9.934544563293457031e-01,9.947182536125183105e-01,4.754088819026947021e-01,7.400372028350830078e-01,8.920657038688659668e-01
9.988663792610168457e-01,9.988663792610168457e-01,9.509589076042175293e-01,9.469919204711914062e-01,9.418618083000183105e-01,8.556681275367736816e-01,9.330870509147644043e-01,9.782353043556213379e-01,9.948950409889221191e-01,9.993081688880920410e-01,1.000000000000000000e+00,9.997790455818176270e-01,9.994600415229797363e-01,9.992201924324035645e-01,9.990678429603576660e-01,9.989781975746154785e-01,9.989274144172668457e-01,9.988994598388671875e-01,9.988841414451599121e-01,9.988757967948913574e-01,9.988663792610168457e-01,9.988663792610168457e-01,9.988663792610168457e-01,9.988471865653991699e-01,9.847168922424316406e-01,9.845101833343505859e-01,9.882583618164062500e-01,9.957067370414733887e-01,9.981458187103271484e-01,9.988260269165039062e-01,9.989648461341857910e-01,9.989606738090515137e-01,9.989318847656250000e-01,9.989068508148193359e-01,9.988901019096374512e-01,9.988797307014465332e-01,9.988738894462585449e-01,9.988705515861511230e-01,9.988684654235839844e-01,9.988675117492675781e-01,9.988663792610168457e-01,9.988663792610168457e-01,9.988663792610168457e-01,9.972895979881286621e-01,9.969833493232727051e-01,9.967200160026550293e-01,8.942981362342834473e-01,9.657673239707946777e-01,9.895253181457519531e-01,9.962700009346008301e-01,9.980833530426025391e-01,9.985802173614501953e-01,9.987490177154541016e-01,9.988136291503906250e-01,9.988412857055664062e-01,9.988541007041931152e-01,9.988601803779602051e-01,9.986288547515869141e-01,9.988007545471191406e-01,9.989151358604431152e-01,9.988663792610168457e-01,9.988663792610168457e-01,9.988663792610168457e-01,9.988663792610168457e-01,9.988663792610168457e-01,9.988663792610168457e-01,9.988663792610168457e-01,9.988663792610168457e-01,9.988663792610168457e-01,9.988663792610168457e-01,9.988663792610168457e-01,9.988663792610168457e-01,9.988663792610168457e-01,9.988663792610168457e-01,9.988663792610168457e-01,9.988663792610168457e-01,9.983084797859191895e-01,9.580354690551757812e-01,9.855138659477233887e-01,9.947525858879089355e-01,9.988663792610168457e-01,9.988663792610168457e-01,9.988663792610168457e-01,9.988663792610168457e-01,9.988663792610168457e-01,9.988663792610168457e-01,9.988663792610168457e-01,9.988663792610168457e-01,9.988663792610168457e-01,9.988663792610168457e-01,9.988663792610168457e-01,9.988663792610168457e-01,9.988663792610168457e-01,9.988663792610168457e-01,9.988663792610168457e-01,9.976980090141296387e-01,9.963119626045227051e-01,9.597138762474060059e-01,9.848998188972473145e-01,9.941814541816711426e-01,9.988663792610168457e-01,9.988663792610168457e-01,9.988663792610168457e-01,9.988663792610168457e-01,9.988663792610168457e-01,9.988663792610168457e-01,9.988663792610168457e-01,9.988663792610168457e-01,9.988663792610168457e-01,9.988663792610168457e-01,9.988663792610168457e-01,9.988663792610168457e-01,9.988663792610168457e-01,9.988663792610168457e-01,9.964053034782409668e-01,9.953241348266601562e-01,9.953208565711975098e-01,9.126675128936767578e-01,9.685967564582824707e-01,9.888632893562316895e-01,9.988663792610168457e-01,9.988663792610168457e-01,9.988663792610168457e-01,9.988663792610168457e-01,9.988663792610168457e-01,9.988663792610168457e-01,9.988663792610168457e-01,9.988663792610168457e-01,9.988663792610168457e-01,9.988663792610168457e-01,9.988663792610168457e-01,9.988663792610168457e-01,9.988663792610168457e-01,9.987974166870117188e-01,9.891541004180908203e-01,9.959822297096252441e-01,9.974163174629211426e-01,4.695701599121093750e-01,7.385972142219543457e-01,8.946852087974548340e-01
