1.000000000000000000e+00,9.745782017707824707e-01,9.585230350494384766e-01,7.445940971374511719e-01,8.130736351013183594e-01,7.922970652580261230e-01,8.427129387855529785e-01,9.112227559089660645e-01,9.548068642616271973e-01,9.777531027793884277e-01,9.895464777946472168e-01,9.953703880310058594e-01,9.980596899986267090e-01,9.992082715034484863e-01,9.996798634529113770e-01,9.998756051063537598e-01,9.999530315399169922e-01,9.999826550483703613e-01,9.999938011169433594e-01,9.999977946281433105e-01,1.000000000000000000e+00,9.960649013519287109e-01,9.684574604034423828e-01,8.693833351135253906e-01,8.759174942970275879e-01,9.129617810249328613e-01,9.480908513069152832e-01,9.749665260314941406e-01,9.880154728889465332e-01,9.944787025451660156e-01,9.975602030754089355e-01,9.989640116691589355e-01,9.995689392089843750e-01,9.998248219490051270e-01,9.999319911003112793e-01,9.999742507934570312e-01,9.999905228614807129e-01,9.999966621398925781e-01,9.999988079071044922e-01,9.999995827674865723e-01,1.000000000000000000e+00,9.999239444732666016e-01,9.832749366760253906e-01,9.535948634147644043e-01,9.739146232604980469e-01,9.378725886344909668e-01,9.809251427650451660e-01,9.917824864387512207e-01,9.955136179924011230e-01,9.973027706146240234e-01,9.984622001647949219e-01,9.992112517356872559e-01,9.996340870857238770e-01,9.998474121093750000e-01,9.999399781227111816e-01,9.999775886535644531e-01,9.983553886413574219e-01,9.986650347709655762e-01,9.989850521087646484e-01,9.993042945861816406e-01,1.000000000000000000e+00,1.000000000000000000e+00,1.000000000000000000e+00,9.618284106254577637e-01,9.658307433128356934e-01,9.911887645721435547e-01,9.974334239959716797e-01,9.993180632591247559e-01,9.998273849487304688e-01,9.999561905860900879e-01,9.999890327453613281e-01,9.999973177909851074e-01,9.999993443489074707e-01,9.999997615814208984e-01,9.999999403953552246e-01,9.999599456787109375e-01,9.972947239875793457e-01,9.981687664985656738e-01,9.986950755119323730e-01,9.989921450614929199e-01,1.000000000000000000e+00,1.000000000000000000e+00,1.000000000000000000e+00,9.992160201072692871e-01,9.997868537902832031e-01,9.999440312385559082e-01,9.999856948852539062e-01,9.999963641166687012e-01,9.999990463256835938e-01,9.999997615814208984e-01,1.000000000000000000e+00,1.000000000000000000e+00,1.000000000000000000e+00,1.000000000000000000e+00,9.999864697456359863e-01,9.990981221199035645e-01,9.851796030998229980e-01,9.881321787834167480e-01,9.916715621948242188e-01,9.947698712348937988e-01,1.000000000000000000e+00,1.000000000000000000e+00,1.000000000000000000e+00,1.000000000000000000e+00,1.000000000000000000e+00,1.000000000000000000e+00,1.000000000000000000e+00,1.000000000000000000e+00,1.000000000000000000e+00,1.000000000000000000e+00,1.000000000000000000e+00,1.000000000000000000e+00,1.000000000000000000e+00,9.997757077217102051e-01,9.991734623908996582e-01,9.980359077453613281e-01,9.701530337333679199e-01,9.775612354278564453e-01,9.840740561485290527e-01,9.899163246154785156e-01,9.726985096931457520e-01,9.923309683799743652e-01,9.978383183479309082e-01,9.994304776191711426e-01,9.998449683189392090e-01,9.999518990516662598e-01,9.999871253967285156e-01,9.999967217445373535e-01,9.999992251396179199e-01,9.999998211860656738e-01,1.000000000000000000e+00,1.000000000000000000e+00,9.994761943817138672e-01,9.666941165924072266e-01,9.740533232688903809e-01,9.776942729949951172e-01,9.883347153663635254e-01,9.863901734352111816e-01,9.701993465423583984e-01,9.741387367248535156e-01
9.745782017707824707e-01,1.000000000000000000e+00,9.448594450950622559e-01,7.619361877441406250e-01,8.006832599639892578e-01,7.958733439445495605e-01,8.536538481712341309e-01,9.235728383064270020e-01,9.610703587532043457e-01,9.762833714485168457e-01,9.803546071052551270e-01,9.805950522422790527e-01,9.795913696289062500e-01,9.782988429069519043e-01,9.771285057067871094e-01,9.762339591979980469e-01,9.756231904029846191e-01,9.752231240272521973e-01,9.749695658683776855e-01,9.748122692108154297e-01,9.745782017707824707e-01,9.692974090576171875e-01,9.640786051750183105e-01,9.015736579895019531e-01,8.992924094200134277e-01,9.284282326698303223e-01,9.521661400794982910e-01,9.728046059608459473e-01,9.795532226562500000e-01,9.807756543159484863e-01,9.800594449043273926e-01,9.788117408752441406e-01,9.775682091712951660e-01,9.765648841857910156e-01,9.758284687995910645e-01,9.753510951995849609e-01,9.750480055809020996e-01,9.748592972755432129e-01,9.747443199157714844e-01,9.746753573417663574e-01,9.745782017707824707e-01,9.755082130432128906e-01,9.650299549102783203e-01,9.388909339904785156e-01,9.652795195579528809e-01,9.115209579467773438e-01,9.513503909111022949e-01,9.612082839012145996e-01,9.650470614433288574e-01,9.673622250556945801e-01,9.695728421211242676e-01,9.713249206542968750e-01,9.725521206855773926e-01,9.733452200889587402e-01,9.738389849662780762e-01,9.741402268409729004e-01,9.674203991889953613e-01,9.679043889045715332e-01,9.688345789909362793e-01,9.699704647064208984e-01,9.745782017707824707e-01,9.745782017707824707e-01,9.745782017707824707e-01,9.684462547302246094e-01,9.795820713043212891e-01,9.848539233207702637e-01,9.805997014045715332e-01,9.780904650688171387e-01,9.764830470085144043e-01,9.755492806434631348e-01,9.750731587409973145e-01,9.748280644416809082e-01,9.747037887573242188e-01,9.746411442756652832e-01,9.746097922325134277e-01,9.736753106117248535e-01,9.764342904090881348e-01,9.790638089179992676e-01,9.769433140754699707e-01,9.749550223350524902e-01,9.745782017707824707e-01,9.745782017707824707e-01,9.745782017707824707e-01,9.768015742301940918e-01,9.756252169609069824e-01,9.751269221305847168e-01,9.748618006706237793e-01,9.747231006622314453e-01,9.746513962745666504e-01,9.746150374412536621e-01,9.745966792106628418e-01,9.745875000953674316e-01,9.745828509330749512e-01,9.745805263519287109e-01,9.739689230918884277e-01,9.715771675109863281e-01,9.402474761009216309e-01,9.448692798614501953e-01,9.510345458984375000e-01,9.572568535804748535e-01,9.745782017707824707e-01,9.745782017707824707e-01,9.745782017707824707e-01,9.745782017707824707e-01,9.745782017707824707e-01,9.745782017707824707e-01,9.745782017707824707e-01,9.745782017707824707e-01,9.745782017707824707e-01,9.745782017707824707e-01,9.745782017707824707e-01,9.745782017707824707e-01,9.745782017707824707e-01,9.761335253715515137e-01,9.780380725860595703e-01,9.734905362129211426e-01,9.177296757698059082e-01,9.277067780494689941e-01,9.373586177825927734e-01,9.466488957405090332e-01,9.580385088920593262e-01,9.716898798942565918e-01,9.745807647705078125e-01,9.751126170158386230e-01,9.749946594238281250e-01,9.748526215553283691e-01,9.747325778007507324e-01,9.746584892272949219e-01,9.746192097663879395e-01,9.745988845825195312e-01,9.745886325836181641e-01,9.745834469795227051e-01,9.766218066215515137e-01,9.744548201560974121e-01,9.756503105163574219e-01,9.724271893501281738e-01,9.701116681098937988e-01,9.528552889823913574e-01,9.277529716491699219e-01,9.369664192199707031e-01
9.585230350494384766e-01,9.448594450950622559e-01,1.000000000000000000e+00,8.066241145133972168e-01,8.921157717704772949e-01,8.674135208129882812e-01,8.884336948394775391e-01,9.321055412292480469e-01,9.588268399238586426e-01,9.684545993804931641e-01,9.701460003852844238e-01,9.684410691261291504e-01,9.659033417701721191e-01,9.635728001594543457e-01,9.618585705757141113e-01,9.606673121452331543e-01,9.598677158355712891e-01,9.593502879142761230e-01,9.590241312980651855e-01,9.588227272033691406e-01,9.585230350494384766e-01,9.521668553352355957e-01,9.285112023353576660e-01,8.070425987243652344e-01,8.536436557769775391e-01,8.831967711448669434e-01,9.142713546752929688e-01,9.386858940124511719e-01,9.510135650634765625e-01,9.568840861320495605e-01,9.591531753540039062e-01,9.597632884979248047e-01,9.597293734550476074e-01,9.594916701316833496e-01,9.592363834381103516e-01,9.590132832527160645e-01,9.588453173637390137e-01,9.587286114692687988e-01,9.586512446403503418e-01,9.586015343666076660e-01,9.585230350494384766e-01,9.590187668800354004e-01,9.347266554832458496e-01,8.991643786430358887e-01,9.178443551063537598e-01,9.610056281089782715e-01,9.645124077796936035e-01,9.570646286010742188e-01,9.522321820259094238e-01,9.508771896362304688e-01,9.517127871513366699e-01,9.533417224884033203e-01,9.549157023429870605e-01,9.561395049095153809e-01,9.570035934448242188e-01,9.575805664062500000e-01,9.567839503288269043e-01,9.569419026374816895e-01,9.571852087974548340e-01,9.574920535087585449e-01,9.585230350494384766e-01,9.585230350494384766e-01,9.585230350494384766e-01,9.508866667747497559e-01,9.515795111656188965e-01,9.636103510856628418e-01,9.630899429321289062e-01,9.614009857177734375e-01,9.600984454154968262e-01,9.593513607978820801e-01,9.589465260505676270e-01,9.587371945381164551e-01,9.586307406425476074e-01,9.585770964622497559e-01,9.585500359535217285e-01,9.581708312034606934e-01,9.482881426811218262e-01,9.532782435417175293e-01,9.569900631904602051e-01,9.587306976318359375e-01,9.585230350494384766e-01,9.585230350494384766e-01,9.585230350494384766e-01,9.613168835639953613e-01,9.600960612297058105e-01,9.593517184257507324e-01,9.589510560035705566e-01,9.587404131889343262e-01,9.586326479911804199e-01,9.585780501365661621e-01,9.585505127906799316e-01,9.585368037223815918e-01,9.585299491882324219e-01,9.585264325141906738e-01,9.581335186958312988e-01,9.612421393394470215e-01,9.506647586822509766e-01,9.523127079010009766e-01,9.541058540344238281e-01,9.559211730957031250e-01,9.585230350494384766e-01,9.585230350494384766e-01,9.585230350494384766e-01,9.585230350494384766e-01,9.585230350494384766e-01,9.585230350494384766e-01,9.585230350494384766e-01,9.585230350494384766e-01,9.585230350494384766e-01,9.585230350494384766e-01,9.585230350494384766e-01,9.585230350494384766e-01,9.585230350494384766e-01,9.594165682792663574e-01,9.564551711082458496e-01,9.552654623985290527e-01,9.398825168609619141e-01,9.386817812919616699e-01,9.417557716369628906e-01,9.470042586326599121e-01,9.055283665657043457e-01,9.357919096946716309e-01,9.481077790260314941e-01,9.537082314491271973e-01,9.562117457389831543e-01,9.573844075202941895e-01,9.579618573188781738e-01,9.582453370094299316e-01,9.583848118782043457e-01,9.584541320800781250e-01,9.584886431694030762e-01,9.585058093070983887e-01,9.553211331367492676e-01,9.326205849647521973e-01,9.411465525627136230e-01,9.710175395011901855e-01,9.561553001403808594e-01,9.451386928558349609e-01,9.265213012695312500e-01,9.366030693054199219e-01
7.445940971374511719e-01,7.619361877441406250e-01,8.066241145133972168e-01,1.000000000000000000e+00,9.145889282226562500e-01,9.295833110809326172e-01,9.102297425270080566e-01,8.842338919639587402e-01,8.478506207466125488e-01,8.170935511589050293e-01,7.933840751647949219e-01,7.763584256172180176e-01,7.645686268806457520e-01,7.568770051002502441e-01,7.523705363273620605e-01,7.494227290153503418e-01,7.475405335426330566e-01,7.463725209236145020e-01,7.456567287445068359e-01,7.452231049537658691e-01,7.445940971374511719e-01,7.329042553901672363e-01,8.040371537208557129e-01,7.944243550300598145e-01,8.635434508323669434e-01,8.526106476783752441e-01,8.367167115211486816e-01,8.104770183563232422e-01,7.899058461189270020e-01,7.746183276176452637e-01,7.638955712318420410e-01,7.566437125205993652e-01,7.521109580993652344e-01,7.493271827697753906e-01,7.475460171699523926e-01,7.463869452476501465e-01,7.456642985343933105e-01,7.452268600463867188e-01,7.449650764465332031e-01,7.448098063468933105e-01,7.445940971374511719e-01,7.445493340492248535e-01,7.532555460929870605e-01,7.706200480461120605e-01,7.403364181518554688e-01,6.769430041313171387e-01,6.958412528038024902e-01,7.065585255622863770e-01,7.143647074699401855e-01,7.210590243339538574e-01,7.273180484771728516e-01,7.326819896697998047e-01,7.368029952049255371e-01,7.396829128265380859e-01,7.415779232978820801e-01,7.427806258201599121e-01,7.560363411903381348e-01,7.548030018806457520e-01,7.533133625984191895e-01,7.516434788703918457e-01,7.445940971374511719e-01,7.445940971374511719e-01,7.445940971374511719e-01,8.455798625946044922e-01,8.283407688140869141e-01,7.882121205329895020e-01,7.678227424621582031e-01,7.563522458076477051e-01,7.504897117614746094e-01,7.475991249084472656e-01,7.460927963256835938e-01,7.453424334526062012e-01,7.449681162834167480e-01,7.447810173034667969e-01,7.446875572204589844e-01,7.426958084106445312e-01,7.355370521545410156e-01,7.372240424156188965e-01,7.365704178810119629e-01,7.368966937065124512e-01,7.445940971374511719e-01,7.445940971374511719e-01,7.445940971374511719e-01,7.466772198677062988e-01,7.459282279014587402e-01,7.453124523162841797e-01,7.449609637260437012e-01,7.447771430015563965e-01,7.446854710578918457e-01,7.446398138999938965e-01,7.446169853210449219e-01,7.446055412292480469e-01,7.445998191833496094e-01,7.445969581604003906e-01,7.436761856079101562e-01,7.513017058372497559e-01,7.259202599525451660e-01,7.305062413215637207e-01,7.331379055976867676e-01,7.364907264709472656e-01,7.445940971374511719e-01,7.445940971374511719e-01,7.445940971374511719e-01,7.445940971374511719e-01,7.445940971374511719e-01,7.445940971374511719e-01,7.445940971374511719e-01,7.445940971374511719e-01,7.445940971374511719e-01,7.445940971374511719e-01,7.445940971374511719e-01,7.445940971374511719e-01,7.445940971374511719e-01,7.488166689872741699e-01,7.490385174751281738e-01,7.339575290679931641e-01,7.167566418647766113e-01,7.013401985168457031e-01,7.015226483345031738e-01,7.081680297851562500e-01,7.598643898963928223e-01,7.517929673194885254e-01,7.488045096397399902e-01,7.470183372497558594e-01,7.459869980812072754e-01,7.453949451446533203e-01,7.450091242790222168e-01,7.448031306266784668e-01,7.446990013122558594e-01,7.446466088294982910e-01,7.446203827857971191e-01,7.446072697639465332e-01,7.459411025047302246e-01,7.991194725036621094e-01,7.937745451927185059e-01,8.019182085990905762e-01,7.420976161956787109e-01,7.147794365882873535e-01,6.990947723388671875e-01,7.330877184867858887e-01
8.130736351013183594e-01,8.006832599639892578e-01,8.921157717704772949e-01,9.145889282226562500e-01,1.000000000000000000e+00,9.618000388145446777e-01,9.232406616210937500e-01,9.076089859008789062e-01,8.904135823249816895e-01,8.713275790214538574e-01,8.549513816833496094e-01,8.416059017181396484e-01,8.317452073097229004e-01,8.249893188476562500e-01,8.207443356513977051e-01,8.178806304931640625e-01,8.160228729248046875e-01,8.148613572120666504e-01,8.141457438468933105e-01,8.137102127075195312e-01,8.130736351013183594e-01,8.044612407684326172e-01,8.215952515602111816e-01,7.254200577735900879e-01,8.187126517295837402e-01,8.287022113800048828e-01,8.352048993110656738e-01,8.324472904205322266e-01,8.292188644409179688e-01,8.256383538246154785e-01,8.222320079803466797e-01,8.194593787193298340e-01,8.174721598625183105e-01,8.160822987556457520e-01,8.150921463966369629e-01,8.143602013587951660e-01,8.138696551322937012e-01,8.135594725608825684e-01,8.133665919303894043e-01,8.132483959197998047e-01,8.130736351013183594e-01,8.132721781730651855e-01,7.956640720367431641e-01,7.805926203727722168e-01,7.703375816345214844e-01,8.109223246574401855e-01,8.079721331596374512e-01,8.024249076843261719e-01,7.996990084648132324e-01,8.002079129219055176e-01,8.025137782096862793e-01,8.053597807884216309e-01,8.078448176383972168e-01,8.096442222595214844e-01,8.109031319618225098e-01,8.117373585700988770e-01,8.231888413429260254e-01,8.218712210655212402e-01,8.206054568290710449e-01,8.192541003227233887e-01,8.130736351013183594e-01,8.130736351013183594e-01,8.130736351013183594e-01,8.707420229911804199e-01,8.568878173828125000e-01,8.413407802581787109e-01,8.299455642700195312e-01,8.221006393432617188e-01,8.177165985107421875e-01,8.155006766319274902e-01,8.142883181571960449e-01,8.136813044548034668e-01,8.133775591850280762e-01,8.132255673408508301e-01,8.131496310234069824e-01,8.112741112709045410e-01,7.939143180847167969e-01,8.000486493110656738e-01,8.044956326484680176e-01,8.073850274085998535e-01,8.130736351013183594e-01,8.130736351013183594e-01,8.130736351013183594e-01,8.180786967277526855e-01,8.160560727119445801e-01,8.146563172340393066e-01,8.138837218284606934e-01,8.134800791740417480e-01,8.132771849632263184e-01,8.131754994392395020e-01,8.131245970726013184e-01,8.130990862846374512e-01,8.130863308906555176e-01,8.130800724029541016e-01,8.120934367179870605e-01,8.202241063117980957e-01,8.033328056335449219e-01,8.062124848365783691e-01,8.077153563499450684e-01,8.098192214965820312e-01,8.130736351013183594e-01,8.130736351013183594e-01,8.130736351013183594e-01,8.130736351013183594e-01,8.130736351013183594e-01,8.130736351013183594e-01,8.130736351013183594e-01,8.130736351013183594e-01,8.130736351013183594e-01,8.130736351013183594e-01,8.130736351013183594e-01,8.130736351013183594e-01,8.130736351013183594e-01,8.155439496040344238e-01,8.123500943183898926e-01,8.024023175239562988e-01,7.942644953727722168e-01,7.815207839012145996e-01,7.824223041534423828e-01,7.887294888496398926e-01,7.850862145423889160e-01,8.006331324577331543e-01,8.076414465904235840e-01,8.108103275299072266e-01,8.122256398200988770e-01,8.128197789192199707e-01,8.129704594612121582e-01,8.130241036415100098e-01,8.130494952201843262e-01,8.130617141723632812e-01,8.130676746368408203e-01,8.130707144737243652e-01,8.086531162261962891e-01,8.134293556213378906e-01,8.179647326469421387e-01,8.628242611885070801e-01,8.128419518470764160e-01,7.906711697578430176e-01,7.717590332031250000e-01,7.972455620765686035e-01
7.922970652580261230e-01,7.958733439445495605e-01,8.674135208129882812e-01,9.295833110809326172e-01,9.618000388145446777e-01,1.000000000000000000e+00,9.811532497406005859e-01,9.494871497154235840e-01,9.128388762474060059e-01,8.790916800498962402e-01,8.525707721710205078e-01,8.324174880981445312e-01,8.181190490722656250e-01,8.085165619850158691e-01,8.026087284088134766e-01,7.987148761749267578e-01,7.962276339530944824e-01,7.946763038635253906e-01,7.937219738960266113e-01,7.931423187255859375e-01,7.922970652580261230e-01,7.824404835700988770e-01,8.317803740501403809e-01,7.747714519500732422e-01,8.707690238952636719e-01,8.710587620735168457e-01,8.609229922294616699e-01,8.426176905632019043e-01,8.284044265747070312e-01,8.173252940177917480e-01,8.090136647224426270e-01,8.031600117683410645e-01,7.993167042732238770e-01,7.968322634696960449e-01,7.951664328575134277e-01,7.940688729286193848e-01,7.933723330497741699e-01,7.929423451423645020e-01,7.926804423332214355e-01,7.925227284431457520e-01,7.922970652580261230e-01,7.930397391319274902e-01,7.863808274269104004e-01,7.842087745666503906e-01,7.616212964057922363e-01,7.609848380088806152e-01,7.662484049797058105e-01,7.678883075714111328e-01,7.701810002326965332e-01,7.740257382392883301e-01,7.783284187316894531e-01,7.824974060058593750e-01,7.858347296714782715e-01,7.881631851196289062e-01,7.897309660911560059e-01,7.907419204711914062e-01,8.047788739204406738e-01,8.030467629432678223e-01,8.014762401580810547e-01,7.998061776161193848e-01,7.922970652580261230e-01,7.922970652580261230e-01,7.922970652580261230e-01,8.824592232704162598e-01,8.697855472564697266e-01,8.355213999748229980e-01,8.168249726295471191e-01,8.050574660301208496e-01,7.987387776374816895e-01,7.955618500709533691e-01,7.939295768737792969e-01,7.931132912635803223e-01,7.927052378654479980e-01,7.925011515617370605e-01,7.923991084098815918e-01,7.896472811698913574e-01,7.761016488075256348e-01,7.817462086677551270e-01,7.834191322326660156e-01,7.847084403038024902e-01,7.922970652580261230e-01,7.922970652580261230e-01,7.922970652580261230e-01,7.974977493286132812e-01,7.954809069633483887e-01,7.939451336860656738e-01,7.931363582611083984e-01,7.927190661430358887e-01,7.925086021423339844e-01,7.924030423164367676e-01,7.923499941825866699e-01,7.923235893249511719e-01,7.923102378845214844e-01,7.923037409782409668e-01,7.909068465232849121e-01,7.977032065391540527e-01,7.649425864219665527e-01,7.703583836555480957e-01,7.748441100120544434e-01,7.798523902893066406e-01,7.922970652580261230e-01,7.922970652580261230e-01,7.922970652580261230e-01,7.922970652580261230e-01,7.922970652580261230e-01,7.922970652580261230e-01,7.922970652580261230e-01,7.922970652580261230e-01,7.922970652580261230e-01,7.922970652580261230e-01,7.922970652580261230e-01,7.922970652580261230e-01,7.922970652580261230e-01,7.978947758674621582e-01,7.954399585723876953e-01,7.800386548042297363e-01,7.517113685607910156e-01,7.390840053558349609e-01,7.423686981201171875e-01,7.521753311157226562e-01,7.927922606468200684e-01,7.944387793540954590e-01,7.944404482841491699e-01,7.938075661659240723e-01,7.932694554328918457e-01,7.929232120513916016e-01,7.926325798034667969e-01,7.924669384956359863e-01,7.923826575279235840e-01,7.923399806022644043e-01,7.923185229301452637e-01,7.923077940940856934e-01,7.913221716880798340e-01,8.313792347908020020e-01,8.304478526115417480e-01,8.513324260711669922e-01,7.957790493965148926e-01,7.574478983879089355e-01,7.321214079856872559e-01,7.666640281677246094e-01
8.427129387855529785e-01,8.536538481712341309e-01,8.884336948394775391e-01,9.102297425270080566e-01,9.232406616210937500e-01,9.811532497406005859e-01,1.000000000000000000e+00,9.851620793342590332e-01,9.556323885917663574e-01,9.254045486450195312e-01,9.006330370903015137e-01,8.815475106239318848e-01,8.678402900695800781e-01,8.585470318794250488e-01,8.527636528015136719e-01,8.489639163017272949e-01,8.465434908866882324e-01,8.450319170951843262e-01,8.441016077995300293e-01,8.435363769531250000e-01,8.427129387855529785e-01,8.318173289299011230e-01,8.865436911582946777e-01,8.490743637084960938e-01,9.272511601448059082e-01,9.285977482795715332e-01,9.173251986503601074e-01,8.984907269477844238e-01,8.827311992645263672e-01,8.703083395957946777e-01,8.610420823097229004e-01,8.545413613319396973e-01,8.502647280693054199e-01,8.475120663642883301e-01,8.456878662109375000e-01,8.445284962654113770e-01,8.438065648078918457e-01,8.433646559715270996e-01,8.430975079536437988e-01,8.429380059242248535e-01,8.427129387855529785e-01,8.435821533203125000e-01,8.394236564636230469e-01,8.394160270690917969e-01,8.198297619819641113e-01,7.808976769447326660e-01,8.047279715538024902e-01,8.143658041954040527e-01,8.203983902931213379e-01,8.256720900535583496e-01,8.302922844886779785e-01,8.342679142951965332e-01,8.372712135314941406e-01,8.393027186393737793e-01,8.406293392181396484e-01,8.414660096168518066e-01,8.539104461669921875e-01,8.522912859916687012e-01,8.509488105773925781e-01,8.495090007781982422e-01,8.427129387855529785e-01,8.427129387855529785e-01,8.427129387855529785e-01,9.293836951255798340e-01,9.214544296264648438e-01,8.873455524444580078e-01,8.678814768791198730e-01,8.557948470115661621e-01,8.493134379386901855e-01,8.460249900817871094e-01,8.443711400032043457e-01,8.435425758361816406e-01,8.431279659271240234e-01,8.429204821586608887e-01,8.428167700767517090e-01,8.399147987365722656e-01,8.309605717658996582e-01,8.356728553771972656e-01,8.348789215087890625e-01,8.346529603004455566e-01,8.427129387855529785e-01,8.427129387855529785e-01,8.427129387855529785e-01,8.476171493530273438e-01,8.457025885581970215e-01,8.442502021789550781e-01,8.434948921203613281e-01,8.431072831153869629e-01,8.429109454154968262e-01,8.428122401237487793e-01,8.427626490592956543e-01,8.427379131317138672e-01,8.427253365516662598e-01,8.427191376686096191e-01,8.412291407585144043e-01,8.452410101890563965e-01,8.038470149040222168e-01,8.105929493904113770e-01,8.168630599975585938e-01,8.236324787139892578e-01,8.427129387855529785e-01,8.427129387855529785e-01,8.427129387855529785e-01,8.427129387855529785e-01,8.427129387855529785e-01,8.427129387855529785e-01,8.427129387855529785e-01,8.427129387855529785e-01,8.427129387855529785e-01,8.427129387855529785e-01,8.427129387855529785e-01,8.427129387855529785e-01,8.427129387855529785e-01,8.490852713584899902e-01,8.491244912147521973e-01,8.306121826171875000e-01,7.857543826103210449e-01,7.781545519828796387e-01,7.841159701347351074e-01,7.955666184425354004e-01,8.564383387565612793e-01,8.527001738548278809e-01,8.492274284362792969e-01,8.464263081550598145e-01,8.447315096855163574e-01,8.438197970390319824e-01,8.432855606079101562e-01,8.430017828941345215e-01,8.428580164909362793e-01,8.427855968475341797e-01,8.427492976188659668e-01,8.427311778068542480e-01,8.438830375671386719e-01,8.898279666900634766e-01,8.868517875671386719e-01,8.880646824836730957e-01,8.407229781150817871e-01,8.054034113883972168e-01,7.779448628425598145e-01,8.131901621818542480e-01
9.112227559089660645e-01,9.235728383064270020e-01,9.321055412292480469e-01,8.842338919639587402e-01,9.076089859008789062e-01,9.494871497154235840e-01,9.851620793342590332e-01,1.000000000000000000e+00,9.909136295318603516e-01,9.736287593841552734e-01,9.565598368644714355e-01,9.423971772193908691e-01,9.317532181739807129e-01,9.243083596229553223e-01,9.195919036865234375e-01,9.164519906044006348e-01,9.144377708435058594e-01,9.131730198860168457e-01,9.123921990394592285e-01,9.119167327880859375e-01,9.112227559089660645e-01,9.015030860900878906e-01,9.419419169425964355e-01,8.938975930213928223e-01,9.486784934997558594e-01,9.599108695983886719e-01,9.599089622497558594e-01,9.527598023414611816e-01,9.431428909301757812e-01,9.341929554939270020e-01,9.269165396690368652e-01,9.215287566184997559e-01,9.178715348243713379e-01,9.154687523841857910e-01,9.138552546501159668e-01,9.128300547599792480e-01,9.121912121772766113e-01,9.117996096611022949e-01,9.115629196166992188e-01,9.114214777946472168e-01,9.112227559089660645e-01,9.122365117073059082e-01,9.077730178833007812e-01,8.998097777366638184e-01,8.929502367973327637e-01,8.404740691184997559e-01,8.739956021308898926e-01,8.855916857719421387e-01,8.917804360389709473e-01,8.965246677398681641e-01,9.006216526031494141e-01,9.040839672088623047e-01,9.066616892814636230e-01,9.083858132362365723e-01,9.094986915588378906e-01,9.101950526237487793e-01,9.177578091621398926e-01,9.166843295097351074e-01,9.159438014030456543e-01,9.151772856712341309e-01,9.112227559089660645e-01,9.112227559089660645e-01,9.112227559089660645e-01,9.735970497131347656e-01,9.703061580657958984e-01,9.474852681159973145e-01,9.319337010383605957e-01,9.221596121788024902e-01,9.167928099632263184e-01,9.140220284461975098e-01,9.126278758049011230e-01,9.119267463684082031e-01,9.115750789642333984e-01,9.113990664482116699e-01,9.113109111785888672e-01,9.088993072509765625e-01,9.037777781486511230e-01,9.078187942504882812e-01,9.064677357673645020e-01,9.056194424629211426e-01,9.112227559089660645e-01,9.112227559089660645e-01,9.112227559089660645e-01,9.155359864234924316e-01,9.137763977050781250e-01,9.125449061393737793e-01,9.118985533714294434e-01,9.115646481513977051e-01,9.113947749137878418e-01,9.113089442253112793e-01,9.112658500671386719e-01,9.112443923950195312e-01,9.112334847450256348e-01,9.112281799316406250e-01,9.099860787391662598e-01,9.123135209083557129e-01,8.721273541450500488e-01,8.787062764167785645e-01,8.852607607841491699e-01,8.921597599983215332e-01,9.112227559089660645e-01,9.112227559089660645e-01,9.112227559089660645e-01,9.112227559089660645e-01,9.112227559089660645e-01,9.112227559089660645e-01,9.112227559089660645e-01,9.112227559089660645e-01,9.112227559089660645e-01,9.112227559089660645e-01,9.112227559089660645e-01,9.112227559089660645e-01,9.112227559089660645e-01,9.167750477790832520e-01,9.174373149871826172e-01,9.021407961845397949e-01,8.515743613243103027e-01,8.496292233467102051e-01,8.571503162384033203e-01,8.683850169181823730e-01,9.195733070373535156e-01,9.195845127105712891e-01,9.170728325843811035e-01,9.146763682365417480e-01,9.131171703338623047e-01,9.122603535652160645e-01,9.117611050605773926e-01,9.114949107170104980e-01,9.113595485687255859e-01,9.112913012504577637e-01,9.112570881843566895e-01,9.112399220466613770e-01,9.130583405494689941e-01,9.473209381103515625e-01,9.460660815238952637e-01,9.408063292503356934e-01,9.071602225303649902e-01,8.773114085197448730e-01,8.508672714233398438e-01,8.804688453674316406e-01
9.548068642616271973e-01,9.610703587532043457e-01,9.588268399238586426e-01,8.478506207466125488e-01,8.904135823249816895e-01,9.128388762474060059e-01,9.556323885917663574e-01,9.909136295318603516e-01,1.000000000000000000e+00,9.952280521392822266e-01,9.862912297248840332e-01,9.774114489555358887e-01,9.701250195503234863e-01,9.647590517997741699e-01,9.612331986427307129e-01,9.588506817817687988e-01,9.573054313659667969e-01,9.563277363777160645e-01,9.557209014892578125e-01,9.553502202033996582e-01,9.548068642616271973e-01,9.471485018730163574e-01,9.663695693016052246e-01,8.990171551704406738e-01,9.398512840270996094e-01,9.599038958549499512e-01,9.716489911079406738e-01,9.765189290046691895e-01,9.743815064430236816e-01,9.701938033103942871e-01,9.659142494201660156e-01,9.623723030090332031e-01,9.598038792610168457e-01,9.580431580543518066e-01,9.568350315093994141e-01,9.560554027557373047e-01,9.555637836456298828e-01,9.552598595619201660e-01,9.550749659538269043e-01,9.549639821052551270e-01,9.548068642616271973e-01,9.557946324348449707e-01,9.468070864677429199e-01,9.296441674232482910e-01,9.347262978553771973e-01,8.893750309944152832e-01,9.253320097923278809e-01,9.356456398963928223e-01,9.403354525566101074e-01,9.437441825866699219e-01,9.468078613281250000e-01,9.494249820709228516e-01,9.513739943504333496e-01,9.526784420013427734e-01,9.535155296325683594e-01,9.540373682975769043e-01,9.575541615486145020e-01,9.569509625434875488e-01,9.567050337791442871e-01,9.564798474311828613e-01,9.548068642616271973e-01,9.548068642616271973e-01,9.548068642616271973e-01,9.885874390602111816e-01,9.885641932487487793e-01,9.797065258026123047e-01,9.696829915046691895e-01,9.628745913505554199e-01,9.589703083038330078e-01,9.569116234779357910e-01,9.558672308921813965e-01,9.553390145301818848e-01,9.550735354423522949e-01,9.549403190612792969e-01,9.548737406730651855e-01,9.530398249626159668e-01,9.491963386535644531e-01,9.529528021812438965e-01,9.520630836486816406e-01,9.512925744056701660e-01,9.548068642616271973e-01,9.548068642616271973e-01,9.548068642616271973e-01,9.584615826606750488e-01,9.569376111030578613e-01,9.559202194213867188e-01,9.553788304328918457e-01,9.550971388816833496e-01,9.549530148506164551e-01,9.548802375793457031e-01,9.548436999320983887e-01,9.548252224922180176e-01,9.548161029815673828e-01,9.548113942146301270e-01,9.538337588310241699e-01,9.549789428710937500e-01,9.200591444969177246e-01,9.258451461791992188e-01,9.319317340850830078e-01,9.381621479988098145e-01,9.548068642616271973e-01,9.548068642616271973e-01,9.548068642616271973e-01,9.548068642616271973e-01,9.548068642616271973e-01,9.548068642616271973e-01,9.548068642616271973e-01,9.548068642616271973e-01,9.548068642616271973e-01,9.548068642616271973e-01,9.548068642616271973e-01,9.548068642616271973e-01,9.548068642616271973e-01,9.589480757713317871e-01,9.595206379890441895e-01,9.481702446937561035e-01,8.995994925498962402e-01,9.016043543815612793e-01,9.096001982688903809e-01,9.197835326194763184e-01,9.509346485137939453e-01,9.578889012336730957e-01,9.580555558204650879e-01,9.569759964942932129e-01,9.560482501983642578e-01,9.554967880249023438e-01,9.551687836647033691e-01,9.549910426139831543e-01,9.548997879028320312e-01,9.548535346984863281e-01,9.548302292823791504e-01,9.548185467720031738e-01,9.560963511466979980e-01,9.718798995018005371e-01,9.733503460884094238e-01,9.713929295539855957e-01,9.500289559364318848e-01,9.270690083503723145e-01,9.022021889686584473e-01,9.241372942924499512e-01
9.777531027793884277e-01,9.762833714485168457e-01,9.684545993804931641e-01,8.170935511589050293e-01,8.713275790214538574e-01,8.790916800498962402e-01,9.254045486450195312e-01,9.736287593841552734e-01,9.952280521392822266e-01,1.000000000000000000e+00,9.975657463073730469e-01,9.929919838905334473e-01,9.884917140007019043e-01,9.848926067352294922e-01,9.824190139770507812e-01,9.807146191596984863e-01,9.795935750007629395e-01,9.788775444030761719e-01,9.784304499626159668e-01,9.781563878059387207e-01,9.777531027793884277e-01,9.721801877021789551e-01,9.760167598724365234e-01,8.956654071807861328e-01,9.251256585121154785e-01,9.515268802642822266e-01,9.719805717468261719e-01,9.850037693977355957e-01,9.881258010864257812e-01,9.873633980751037598e-01,9.852815270423889160e-01,9.831272959709167480e-01,9.814019799232482910e-01,9.801537990570068359e-01,9.792750477790832520e-01,9.786980748176574707e-01,9.783297181129455566e-01,9.780996441841125488e-01,9.779589772224426270e-01,9.778740406036376953e-01,9.777531027793884277e-01,9.786528944969177246e-01,9.680188298225402832e-01,9.459595084190368652e-01,9.575900435447692871e-01,9.156720638275146484e-01,9.533668160438537598e-01,9.631436467170715332e-01,9.670110344886779785e-01,9.695957303047180176e-01,9.718982577323913574e-01,9.738517403602600098e-01,9.752891659736633301e-01,9.762418270111083984e-01,9.768431782722473145e-01,9.772134423255920410e-01,9.785426259040832520e-01,9.782435297966003418e-01,9.782540798187255859e-01,9.782958626747131348e-01,9.777531027793884277e-01,9.777531027793884277e-01,9.777531027793884277e-01,9.892135262489318848e-01,9.907374382019042969e-01,9.931511878967285156e-01,9.878833889961242676e-01,9.834804534912109375e-01,9.807607531547546387e-01,9.792847037315368652e-01,9.785282611846923828e-01,9.781429767608642578e-01,9.779486656188964844e-01,9.778509736061096191e-01,9.778020977973937988e-01,9.764888286590576172e-01,9.737526774406433105e-01,9.768342971801757812e-01,9.763806462287902832e-01,9.758090376853942871e-01,9.777531027793884277e-01,9.777531027793884277e-01,9.777531027793884277e-01,9.806393980979919434e-01,9.794721007347106934e-01,9.786601066589355469e-01,9.782218933105468750e-01,9.779916405677795410e-01,9.778735041618347168e-01,9.778134822845458984e-01,9.777833819389343262e-01,9.777682423591613770e-01,9.777606129646301270e-01,9.777567982673645020e-01,9.770420193672180176e-01,9.777787327766418457e-01,9.488182067871093750e-01,9.537948966026306152e-01,9.592301249504089355e-01,9.645811915397644043e-01,9.777531027793884277e-01,9.777531027793884277e-01,9.777531027793884277e-01,9.777531027793884277e-01,9.777531027793884277e-01,9.777531027793884277e-01,9.777531027793884277e-01,9.777531027793884277e-01,9.777531027793884277e-01,9.777531027793884277e-01,9.777531027793884277e-01,9.777531027793884277e-01,9.777531027793884277e-01,9.806807041168212891e-01,9.810171127319335938e-01,9.733174443244934082e-01,9.293718934059143066e-01,9.336405396461486816e-01,9.414844512939453125e-01,9.504758715629577637e-01,9.661536216735839844e-01,9.774797558784484863e-01,9.793276190757751465e-01,9.790830016136169434e-01,9.785615801811218262e-01,9.782080054283142090e-01,9.779950976371765137e-01,9.778773188591003418e-01,9.778161048889160156e-01,9.777846932411193848e-01,9.777689576148986816e-01,9.777610301971435547e-01,9.787189960479736328e-01,9.800751209259033203e-01,9.837469458580017090e-01,9.828957915306091309e-01,9.725219607353210449e-01,9.556308388710021973e-01,9.329935908317565918e-01,9.488613009452819824e-01
9.895464777946472168e-01,9.803546071052551270e-01,9.701460003852844238e-01,7.933840751647949219e-01,8.549513816833496094e-01,8.525707721710205078e-01,9.006330370903015137e-01,9.565598368644714355e-01,9.862912297248840332e-01,9.975657463073730469e-01,1.000000000000000000e+00,9.987767338752746582e-01,9.965023398399353027e-01,9.943409562110900879e-01,9.927389621734619141e-01,9.915993213653564453e-01,9.908330440521240234e-01,9.903365969657897949e-01,9.900240302085876465e-01,9.898312687873840332e-01,9.895464777946472168e-01,9.849665760993957520e-01,9.777521491050720215e-01,8.892180323600769043e-01,9.113526344299316406e-01,9.417174458503723145e-01,9.677827954292297363e-01,9.860368371009826660e-01,9.927708506584167480e-01,9.944987297058105469e-01,9.940991401672363281e-01,9.930534362792968750e-01,9.920265674591064453e-01,9.912154674530029297e-01,9.906222224235534668e-01,9.902219176292419434e-01,9.899618029594421387e-01,9.897975921630859375e-01,9.896962046623229980e-01,9.896346926689147949e-01,9.895464777946472168e-01,9.902512431144714355e-01,9.777590632438659668e-01,9.524509906768798828e-01,9.676983952522277832e-01,9.286945462226867676e-01,9.681308865547180176e-01,9.779226779937744141e-01,9.814403653144836426e-01,9.835543632507324219e-01,9.853384494781494141e-01,9.868023991584777832e-01,9.878485798835754395e-01,9.885266423225402832e-01,9.889419674873352051e-01,9.891918301582336426e-01,9.893905520439147949e-01,9.892809987068176270e-01,9.894146323204040527e-01,9.895756840705871582e-01,9.895464777946472168e-01,9.895464777946472168e-01,9.895464777946472168e-01,9.842993617057800293e-01,9.866865277290344238e-01,9.973228573799133301e-01,9.958421587944030762e-01,9.933643937110900879e-01,9.916088581085205078e-01,9.906101226806640625e-01,9.900886416435241699e-01,9.898200035095214844e-01,9.896839261054992676e-01,9.896152615547180176e-01,9.895809292793273926e-01,9.886629581451416016e-01,9.861430525779724121e-01,9.886631965637207031e-01,9.885978102684020996e-01,9.882884025573730469e-01,9.895464777946472168e-01,9.895464777946472168e-01,9.895464777946472168e-01,9.915780425071716309e-01,9.908268451690673828e-01,9.902360439300537109e-01,9.899066090583801270e-01,9.897306561470031738e-01,9.896395802497863770e-01,9.895932674407958984e-01,9.895699620246887207e-01,9.895582199096679688e-01,9.895523190498352051e-01,9.895493388175964355e-01,9.890406131744384766e-01,9.894074797630310059e-01,9.652618765830993652e-01,9.695663452148437500e-01,9.744105339050292969e-01,9.790223240852355957e-01,9.895464777946472168e-01,9.895464777946472168e-01,9.895464777946472168e-01,9.895464777946472168e-01,9.895464777946472168e-01,9.895464777946472168e-01,9.895464777946472168e-01,9.895464777946472168e-01,9.895464777946472168e-01,9.895464777946472168e-01,9.895464777946472168e-01,9.895464777946472168e-01,9.895464777946472168e-01,9.915034770965576172e-01,9.915894865989685059e-01,9.862486720085144043e-01,9.469445347785949707e-01,9.525559544563293457e-01,9.600961804389953613e-01,9.680871367454528809e-01,9.723780751228332520e-01,9.867842793464660645e-01,9.898872375488281250e-01,9.902494549751281738e-01,9.900298118591308594e-01,9.898238182067871094e-01,9.896976351737976074e-01,9.896252751350402832e-01,9.895867705345153809e-01,9.895668029785156250e-01,9.895566105842590332e-01,9.895515441894531250e-01,9.900805950164794922e-01,9.799616932868957520e-01,9.850835800170898438e-01,9.857606291770935059e-01,9.827482104301452637e-01,9.711197018623352051e-01,9.504516720771789551e-01,9.621602892875671387e-01
