1.000000000000000000e+00,9.625281691551208496e-01,9.688881039619445801e-01,9.841329455375671387e-01,9.793666005134582520e-01,9.545788764953613281e-01,9.878014922142028809e-01,1.000000000000000000e+00,1.000000000000000000e+00,9.962313771247863770e-01,9.922349452972412109e-01,9.946681857109069824e-01,1.000000000000000000e+00,1.000000000000000000e+00,1.000000000000000000e+00,9.992834925651550293e-01,1.000000000000000000e+00,1.000000000000000000e+00,1.000000000000000000e+00,1.000000000000000000e+00,1.000000000000000000e+00,9.819943308830261230e-01,9.973649978637695312e-01,9.791989326477050781e-01,9.956457614898681641e-01,9.927746653556823730e-01,9.992274641990661621e-01,1.000000000000000000e+00,1.000000000000000000e+00,9.993479251861572266e-01,1.000000000000000000e+00,1.000000000000000000e+00,1.000000000000000000e+00,1.000000000000000000e+00,1.000000000000000000e+00,9.974376559257507324e-01,1.000000000000000000e+00,1.000000000000000000e+00,1.000000000000000000e+00,1.000000000000000000e+00,1.000000000000000000e+00,9.954898357391357422e-01,9.851446151733398438e-01,9.752743840217590332e-01,9.393041133880615234e-01,9.761669039726257324e-01,9.974078536033630371e-01,9.955589771270751953e-01,9.985189437866210938e-01,9.996719956398010254e-01,1.000000000000000000e+00,1.000000000000000000e+00,1.000000000000000000e+00,1.000000000000000000e+00,1.000000000000000000e+00,9.879480004310607910e-01,9.991171956062316895e-01,1.000000000000000000e+00,1.000000000000000000e+00,1.000000000000000000e+00,1.000000000000000000e+00,1.000000000000000000e+00,9.944353103637695312e-01,9.275252223014831543e-01,9.580190777778625488e-01,9.941769242286682129e-01,9.999982714653015137e-01,1.000000000000000000e+00,1.000000000000000000e+00,1.000000000000000000e+00,1.000000000000000000e+00,1.000000000000000000e+00,1.000000000000000000e+00,1.000000000000000000e+00,9.995508790016174316e-01,9.983563423156738281e-01,9.927136301994323730e-01,1.000000000000000000e+00,1.000000000000000000e+00,1.000000000000000000e+00,1.000000000000000000e+00,1.000000000000000000e+00,9.945936799049377441e-01,9.939333796501159668e-01,1.000000000000000000e+00,9.984493255615234375e-01,9.997875690460205078e-01,1.000000000000000000e+00,1.000000000000000000e+00,1.000000000000000000e+00,1.000000000000000000e+00,1.000000000000000000e+00,1.000000000000000000e+00,9.997718930244445801e-01,9.980945587158203125e-01,9.875432848930358887e-01,9.834606051445007324e-01,1.000000000000000000e+00,1.000000000000000000e+00,1.000000000000000000e+00,1.000000000000000000e+00,1.000000000000000000e+00,9.997941851615905762e-01,1.000000000000000000e+00,1.000000000000000000e+00,1.000000000000000000e+00,1.000000000000000000e+00,1.000000000000000000e+00,1.000000000000000000e+00,1.000000000000000000e+00,1.000000000000000000e+00,1.000000000000000000e+00,9.993411898612976074e-01,9.994242787361145020e-01,9.999992251396179199e-01,9.957994818687438965e-01,9.566873908042907715e-01,1.000000000000000000e+00,1.000000000000000000e+00,1.000000000000000000e+00,1.000000000000000000e+00,1.000000000000000000e+00,9.959542155265808105e-01,1.000000000000000000e+00,1.000000000000000000e+00,1.000000000000000000e+00,1.000000000000000000e+00,1.000000000000000000e+00,1.000000000000000000e+00,1.000000000000000000e+00,1.000000000000000000e+00,1.000000000000000000e+00,9.968226552009582520e-01,9.989671707153320312e-01,1.000000000000000000e+00,9.827227592468261719e-01,9.933206439018249512e-01,1.000000000000000000e+00,1.000000000000000000e+00,1.000000000000000000e+00
9.625281691551208496e-01,1.000000000000000000e+00,9.299150109291076660e-01,9.253619313240051270e-01,9.404211044311523438e-01,8.830301761627197266e-01,9.359824061393737793e-01,9.625281691551208496e-01,9.625281691551208496e-01,9.498718380928039551e-01,9.403898715972900391e-01,9.486444592475891113e-01,9.625281691551208496e-01,9.625281691551208496e-01,9.625281691551208496e-01,9.659070968627929688e-01,9.625281691551208496e-01,9.625281691551208496e-01,9.625281691551208496e-01,9.625281691551208496e-01,9.625281691551208496e-01,9.587011337280273438e-01,9.510958194732666016e-01,9.060454368591308594e-01,9.435063004493713379e-01,9.416442513465881348e-01,9.647790789604187012e-01,9.625281691551208496e-01,9.625281691551208496e-01,9.574287533760070801e-01,9.625281691551208496e-01,9.625281691551208496e-01,9.625281691551208496e-01,9.625281691551208496e-01,9.625281691551208496e-01,9.619121551513671875e-01,9.625281691551208496e-01,9.625281691551208496e-01,9.625281691551208496e-01,9.625281691551208496e-01,9.625281691551208496e-01,9.553561806678771973e-01,9.395167231559753418e-01,9.144269824028015137e-01,8.690853714942932129e-01,9.203534722328186035e-01,9.528896212577819824e-01,9.486973285675048828e-01,9.545114636421203613e-01,9.590858817100524902e-01,9.625281691551208496e-01,9.625281691551208496e-01,9.625281691551208496e-01,9.625281691551208496e-01,9.625281691551208496e-01,9.379224777221679688e-01,9.676133990287780762e-01,9.625281691551208496e-01,9.625281691551208496e-01,9.625281691551208496e-01,9.625281691551208496e-01,9.625281691551208496e-01,9.494552016258239746e-01,8.841807246208190918e-01,9.005672931671142578e-01,9.481214880943298340e-01,9.624791145324707031e-01,9.625281691551208496e-01,9.625281691551208496e-01,9.625281691551208496e-01,9.625281691551208496e-01,9.625281691551208496e-01,9.625281691551208496e-01,9.625281691551208496e-01,9.654232859611511230e-01,9.625511169433593750e-01,9.724386334419250488e-01,9.625281691551208496e-01,9.625281691551208496e-01,9.625281691551208496e-01,9.625281691551208496e-01,9.625281691551208496e-01,9.769837856292724609e-01,9.457116127014160156e-01,9.625281691551208496e-01,9.537088274955749512e-01,9.599840641021728516e-01,9.625281691551208496e-01,9.625281691551208496e-01,9.625281691551208496e-01,9.625281691551208496e-01,9.625281691551208496e-01,9.625281691551208496e-01,9.644654393196105957e-01,9.610755443572998047e-01,9.603059291839599609e-01,9.717372059822082520e-01,9.625281691551208496e-01,9.625281691551208496e-01,9.625281691551208496e-01,9.625281691551208496e-01,9.625281691551208496e-01,9.630236029624938965e-01,9.625281691551208496e-01,9.625281691551208496e-01,9.625281691551208496e-01,9.625281691551208496e-01,9.625281691551208496e-01,9.625281691551208496e-01,9.625281691551208496e-01,9.625281691551208496e-01,9.625281691551208496e-01,9.646825790405273438e-01,9.594335556030273438e-01,9.625012278556823730e-01,9.556674957275390625e-01,9.700968861579895020e-01,9.625281691551208496e-01,9.625281691551208496e-01,9.625281691551208496e-01,9.625281691551208496e-01,9.625281691551208496e-01,9.699885249137878418e-01,9.625281691551208496e-01,9.625281691551208496e-01,9.625281691551208496e-01,9.625281691551208496e-01,9.625281691551208496e-01,9.625281691551208496e-01,9.625281691551208496e-01,9.625281691551208496e-01,9.625281691551208496e-01,9.542701244354248047e-01,9.575360417366027832e-01,9.625281691551208496e-01,9.626358151435852051e-01,9.742030501365661621e-01,9.625281691551208496e-01,9.625281691551208496e-01,9.625281691551208496e-01
9.688881039619445801e-01,9.299150109291076660e-01,1.000000000000000000e+00,9.555613994598388672e-01,9.440868496894836426e-01,9.414893984794616699e-01,9.555686116218566895e-01,9.688881039619445801e-01,9.688881039619445801e-01,9.617846608161926270e-01,9.659392237663269043e-01,9.604198336601257324e-01,9.688881039619445801e-01,9.688881039619445801e-01,9.688881039619445801e-01,9.648287296295166016e-01,9.688881039619445801e-01,9.688881039619445801e-01,9.688881039619445801e-01,9.688881039619445801e-01,9.688881039619445801e-01,9.195755124092102051e-01,9.592456817626953125e-01,9.539535641670227051e-01,9.553692936897277832e-01,9.563817381858825684e-01,9.722864031791687012e-01,9.688881039619445801e-01,9.688881039619445801e-01,9.678142070770263672e-01,9.688881039619445801e-01,9.688881039619445801e-01,9.688881039619445801e-01,9.688881039619445801e-01,9.688881039619445801e-01,9.666373133659362793e-01,9.688881039619445801e-01,9.688881039619445801e-01,9.688881039619445801e-01,9.688881039619445801e-01,9.688881039619445801e-01,9.607227444648742676e-01,9.506235718727111816e-01,9.431464076042175293e-01,9.266195893287658691e-01,9.774767756462097168e-01,9.608519077301025391e-01,9.601333737373352051e-01,9.609100222587585449e-01,9.663965106010437012e-01,9.688881039619445801e-01,9.688881039619445801e-01,9.688881039619445801e-01,9.688881039619445801e-01,9.688881039619445801e-01,9.730346798896789551e-01,9.701554775238037109e-01,9.688881039619445801e-01,9.688881039619445801e-01,9.688881039619445801e-01,9.688881039619445801e-01,9.688881039619445801e-01,9.557676315307617188e-01,8.962655067443847656e-01,9.207651019096374512e-01,9.568366408348083496e-01,9.688389897346496582e-01,9.688881039619445801e-01,9.688881039619445801e-01,9.688881039619445801e-01,9.688881039619445801e-01,9.688881039619445801e-01,9.688881039619445801e-01,9.688881039619445801e-01,9.727029204368591309e-01,9.620320796966552734e-01,9.580469727516174316e-01,9.688881039619445801e-01,9.688881039619445801e-01,9.688881039619445801e-01,9.688881039619445801e-01,9.688881039619445801e-01,9.721943736076354980e-01,9.572670459747314453e-01,9.688881039619445801e-01,9.611759781837463379e-01,9.661365151405334473e-01,9.688881039619445801e-01,9.688881039619445801e-01,9.688881039619445801e-01,9.688881039619445801e-01,9.688881039619445801e-01,9.688881039619445801e-01,9.693403244018554688e-01,9.614586234092712402e-01,9.474512934684753418e-01,9.537554383277893066e-01,9.688881039619445801e-01,9.688881039619445801e-01,9.688881039619445801e-01,9.688881039619445801e-01,9.688881039619445801e-01,9.675881862640380859e-01,9.688881039619445801e-01,9.688881039619445801e-01,9.688881039619445801e-01,9.688881039619445801e-01,9.688881039619445801e-01,9.688881039619445801e-01,9.688881039619445801e-01,9.688881039619445801e-01,9.688881039619445801e-01,9.704709053039550781e-01,9.687487483024597168e-01,9.689199328422546387e-01,9.552478194236755371e-01,9.273275732994079590e-01,9.688881039619445801e-01,9.688881039619445801e-01,9.688881039619445801e-01,9.688881039619445801e-01,9.688881039619445801e-01,9.649598002433776855e-01,9.688881039619445801e-01,9.688881039619445801e-01,9.688881039619445801e-01,9.688881039619445801e-01,9.688881039619445801e-01,9.688881039619445801e-01,9.688881039619445801e-01,9.688881039619445801e-01,9.688881039619445801e-01,9.691241383552551270e-01,9.669417738914489746e-01,9.688881039619445801e-01,9.333162307739257812e-01,9.587402939796447754e-01,9.688881039619445801e-01,9.688881039619445801e-01,9.688881039619445801e-01
9.841329455375671387e-01,9.253619313240051270e-01,9.555613994598388672e-01,1.000000000000000000e+00,9.633469581604003906e-01,9.670968055725097656e-01,9.791918396949768066e-01,9.841329455375671387e-01,9.841329455375671387e-01,9.849364757537841797e-01,9.834004044532775879e-01,9.842656254768371582e-01,9.841329455375671387e-01,9.841329455375671387e-01,9.841329455375671387e-01,9.802984595298767090e-01,9.841329455375671387e-01,9.841329455375671387e-01,9.841329455375671387e-01,9.841329455375671387e-01,9.841329455375671387e-01,9.632761478424072266e-01,9.873564839363098145e-01,9.826001524925231934e-01,9.889264106750488281e-01,9.792175889015197754e-01,9.800372123718261719e-01,9.841329455375671387e-01,9.841329455375671387e-01,9.875350594520568848e-01,9.841329455375671387e-01,9.841329455375671387e-01,9.841329455375671387e-01,9.841329455375671387e-01,9.841329455375671387e-01,9.838237762451171875e-01,9.841329455375671387e-01,9.841329455375671387e-01,9.841329455375671387e-01,9.841329455375671387e-01,9.841329455375671387e-01,9.774562716484069824e-01,9.688076376914978027e-01,9.734898209571838379e-01,9.709897637367248535e-01,9.669010043144226074e-01,9.855052828788757324e-01,9.845127463340759277e-01,9.877284169197082520e-01,9.867818951606750488e-01,9.841329455375671387e-01,9.841329455375671387e-01,9.841329455375671387e-01,9.841329455375671387e-01,9.841329455375671387e-01,9.803504347801208496e-01,9.813107848167419434e-01,9.841329455375671387e-01,9.841329455375671387e-01,9.841329455375671387e-01,9.841329455375671387e-01,9.841329455375671387e-01,9.834188818931579590e-01,9.497773051261901855e-01,9.491273760795593262e-01,9.814181923866271973e-01,9.842107295989990234e-01,9.841329455375671387e-01,9.841329455375671387e-01,9.841329455375671387e-01,9.841329455375671387e-01,9.841329455375671387e-01,9.841329455375671387e-01,9.841329455375671387e-01,9.818391203880310059e-01,9.788925051689147949e-01,9.630058407783508301e-01,9.841329455375671387e-01,9.841329455375671387e-01,9.841329455375671387e-01,9.841329455375671387e-01,9.841329455375671387e-01,9.688742756843566895e-01,9.858226180076599121e-01,9.841329455375671387e-01,9.867765307426452637e-01,9.847402572631835938e-01,9.841329455375671387e-01,9.841329455375671387e-01,9.841329455375671387e-01,9.841329455375671387e-01,9.841329455375671387e-01,9.841329455375671387e-01,9.826157689094543457e-01,9.834826588630676270e-01,9.611638188362121582e-01,9.495742917060852051e-01,9.841329455375671387e-01,9.841329455375671387e-01,9.841329455375671387e-01,9.841329455375671387e-01,9.841329455375671387e-01,9.830047488212585449e-01,9.841329455375671387e-01,9.841329455375671387e-01,9.841329455375671387e-01,9.841329455375671387e-01,9.841329455375671387e-01,9.841329455375671387e-01,9.841329455375671387e-01,9.841329455375671387e-01,9.841329455375671387e-01,9.831287860870361328e-01,9.859256744384765625e-01,9.841082096099853516e-01,9.783781170845031738e-01,9.174572825431823730e-01,9.841329455375671387e-01,9.841329455375671387e-01,9.841329455375671387e-01,9.841329455375671387e-01,9.841329455375671387e-01,9.722213745117187500e-01,9.841329455375671387e-01,9.841329455375671387e-01,9.841329455375671387e-01,9.841329455375671387e-01,9.841329455375671387e-01,9.841329455375671387e-01,9.841329455375671387e-01,9.841329455375671387e-01,9.841329455375671387e-01,9.841365218162536621e-01,9.841330647468566895e-01,9.841329455375671387e-01,9.459299445152282715e-01,9.632806777954101562e-01,9.841329455375671387e-01,9.841329455375671387e-01,9.841329455375671387e-01
9.793666005134582520e-01,9.404211044311523438e-01,9.440868496894836426e-01,9.633469581604003906e-01,1.000000000000000000e+00,9.342929720878601074e-01,9.603255391120910645e-01,9.793666005134582520e-01,9.793666005134582520e-01,9.678416848182678223e-01,9.631898999214172363e-01,9.673706889152526855e-01,9.793666005134582520e-01,9.793666005134582520e-01,9.793666005134582520e-01,9.775931239128112793e-01,9.793666005134582520e-01,9.793666005134582520e-01,9.793666005134582520e-01,9.793666005134582520e-01,9.793666005134582520e-01,9.599407315254211426e-01,9.744630455970764160e-01,9.525439739227294922e-01,9.778440594673156738e-01,9.769322276115417480e-01,9.789233803749084473e-01,9.793666005134582520e-01,9.793666005134582520e-01,9.761325716972351074e-01,9.793666005134582520e-01,9.793666005134582520e-01,9.793666005134582520e-01,9.793666005134582520e-01,9.793666005134582520e-01,9.798248410224914551e-01,9.793666005134582520e-01,9.793666005134582520e-01,9.793666005134582520e-01,9.793666005134582520e-01,9.793666005134582520e-01,9.746117591857910156e-01,9.583170413970947266e-01,9.564478397369384766e-01,9.134438633918762207e-01,9.544574618339538574e-01,9.801163077354431152e-01,9.701960682868957520e-01,9.769005775451660156e-01,9.783799052238464355e-01,9.793666005134582520e-01,9.793666005134582520e-01,9.793666005134582520e-01,9.793666005134582520e-01,9.793666005134582520e-01,9.629656672477722168e-01,9.774749279022216797e-01,9.793666005134582520e-01,9.793666005134582520e-01,9.793666005134582520e-01,9.793666005134582520e-01,9.793666005134582520e-01,9.781043529510498047e-01,8.943529129028320312e-01,9.473807215690612793e-01,9.774349331855773926e-01,9.792302250862121582e-01,9.793666005134582520e-01,9.793666005134582520e-01,9.793666005134582520e-01,9.793666005134582520e-01,9.793666005134582520e-01,9.793666005134582520e-01,9.793666005134582520e-01,9.783214926719665527e-01,9.771542549133300781e-01,9.775342345237731934e-01,9.793666005134582520e-01,9.793666005134582520e-01,9.793666005134582520e-01,9.793666005134582520e-01,9.793666005134582520e-01,9.741593003273010254e-01,9.650033116340637207e-01,9.793666005134582520e-01,9.778082966804504395e-01,9.786417484283447266e-01,9.793666005134582520e-01,9.793666005134582520e-01,9.793666005134582520e-01,9.793666005134582520e-01,9.793666005134582520e-01,9.793666005134582520e-01,9.784698486328125000e-01,9.803406596183776855e-01,9.640312790870666504e-01,9.707930684089660645e-01,9.793666005134582520e-01,9.793666005134582520e-01,9.793666005134582520e-01,9.793666005134582520e-01,9.793666005134582520e-01,9.781403541564941406e-01,9.793666005134582520e-01,9.793666005134582520e-01,9.793666005134582520e-01,9.793666005134582520e-01,9.793666005134582520e-01,9.793666005134582520e-01,9.793666005134582520e-01,9.793666005134582520e-01,9.793666005134582520e-01,9.757778644561767578e-01,9.801037311553955078e-01,9.793011546134948730e-01,9.748401641845703125e-01,9.513791203498840332e-01,9.793666005134582520e-01,9.793666005134582520e-01,9.793666005134582520e-01,9.793666005134582520e-01,9.793666005134582520e-01,9.812929630279541016e-01,9.793666005134582520e-01,9.793666005134582520e-01,9.793666005134582520e-01,9.793666005134582520e-01,9.793666005134582520e-01,9.793666005134582520e-01,9.793666005134582520e-01,9.793666005134582520e-01,9.793666005134582520e-01,9.723562598228454590e-01,9.778683781623840332e-01,9.793666005134582520e-01,9.742160439491271973e-01,9.774412512779235840e-01,9.793666005134582520e-01,9.793666005134582520e-01,9.793666005134582520e-01
9.545788764953613281e-01,8.830301761627197266e-01,9.414893984794616699e-01,9.670968055725097656e-01,9.342929720878601074e-01,1.000000000000000000e+00,9.774767756462097168e-01,9.545788764953613281e-01,9.545788764953613281e-01,9.614236950874328613e-01,9.762997627258300781e-01,9.692967534065246582e-01,9.545788764953613281e-01,9.545788764953613281e-01,9.545788764953613281e-01,9.478106498718261719e-01,9.545788764953613281e-01,9.545788764953613281e-01,9.545788764953613281e-01,9.545788764953613281e-01,9.545788764953613281e-01,9.344697594642639160e-01,9.612901806831359863e-01,9.531398415565490723e-01,9.613793492317199707e-01,9.657418131828308105e-01,9.554662704467773438e-01,9.545788764953613281e-01,9.545788764953613281e-01,9.577577710151672363e-01,9.545788764953613281e-01,9.545788764953613281e-01,9.545788764953613281e-01,9.545788764953613281e-01,9.545788764953613281e-01,9.464930891990661621e-01,9.545788764953613281e-01,9.545788764953613281e-01,9.545788764953613281e-01,9.545788764953613281e-01,9.545788764953613281e-01,9.625418186187744141e-01,9.550725817680358887e-01,9.761988520622253418e-01,9.761691689491271973e-01,9.426620602607727051e-01,9.637503623962402344e-01,9.650323987007141113e-01,9.609586596488952637e-01,9.566736817359924316e-01,9.545788764953613281e-01,9.545788764953613281e-01,9.545788764953613281e-01,9.545788764953613281e-01,9.545788764953613281e-01,9.721908569335937500e-01,9.503387808799743652e-01,9.545788764953613281e-01,9.545788764953613281e-01,9.545788764953613281e-01,9.545788764953613281e-01,9.545788764953613281e-01,9.640610814094543457e-01,9.557842612266540527e-01,9.804763793945312500e-01,9.705765247344970703e-01,9.543821215629577637e-01,9.545788764953613281e-01,9.545788764953613281e-01,9.545788764953613281e-01,9.545788764953613281e-01,9.545788764953613281e-01,9.545788764953613281e-01,9.545788764953613281e-01,9.505946040153503418e-01,9.434385299682617188e-01,9.240093231201171875e-01,9.545788764953613281e-01,9.545788764953613281e-01,9.545788764953613281e-01,9.545788764953613281e-01,9.545788764953613281e-01,9.313936233520507812e-01,9.674194455146789551e-01,9.545788764953613281e-01,9.606173634529113770e-01,9.568565487861633301e-01,9.545788764953613281e-01,9.545788764953613281e-01,9.545788764953613281e-01,9.545788764953613281e-01,9.545788764953613281e-01,9.545788764953613281e-01,9.509463906288146973e-01,9.507625699043273926e-01,9.169945716857910156e-01,9.106592535972595215e-01,9.545788764953613281e-01,9.545788764953613281e-01,9.545788764953613281e-01,9.545788764953613281e-01,9.545788764953613281e-01,9.530716538429260254e-01,9.545788764953613281e-01,9.545788764953613281e-01,9.545788764953613281e-01,9.545788764953613281e-01,9.545788764953613281e-01,9.545788764953613281e-01,9.545788764953613281e-01,9.545788764953613281e-01,9.545788764953613281e-01,9.558215737342834473e-01,9.534645080566406250e-01,9.546685218811035156e-01,9.446023106575012207e-01,8.766395449638366699e-01,9.545788764953613281e-01,9.545788764953613281e-01,9.545788764953613281e-01,9.545788764953613281e-01,9.545788764953613281e-01,9.412094950675964355e-01,9.545788764953613281e-01,9.545788764953613281e-01,9.545788764953613281e-01,9.545788764953613281e-01,9.545788764953613281e-01,9.545788764953613281e-01,9.545788764953613281e-01,9.545788764953613281e-01,9.545788764953613281e-01,9.648075699806213379e-01,9.623482823371887207e-01,9.545788764953613281e-01,9.145574569702148438e-01,9.367834925651550293e-01,9.545788764953613281e-01,9.545788764953613281e-01,9.545788764953613281e-01
9.878014922142028809e-01,9.359824061393737793e-01,9.555686116218566895e-01,9.791918396949768066e-01,9.603255391120910645e-01,9.774767756462097168e-01,1.000000000000000000e+00,9.878014922142028809e-01,9.878014922142028809e-01,9.926512241363525391e-01,9.972980618476867676e-01,9.978830218315124512e-01,9.878014922142028809e-01,9.878014922142028809e-01,9.878014922142028809e-01,9.854462146759033203e-01,9.878014922142028809e-01,9.878014922142028809e-01,9.878014922142028809e-01,9.878014922142028809e-01,9.878014922142028809e-01,9.791178703308105469e-01,9.902598261833190918e-01,9.798572063446044922e-01,9.904337525367736816e-01,9.889502525329589844e-01,9.879799485206604004e-01,9.878014922142028809e-01,9.878014922142028809e-01,9.897012710571289062e-01,9.878014922142028809e-01,9.878014922142028809e-01,9.878014922142028809e-01,9.878014922142028809e-01,9.878014922142028809e-01,9.785866737365722656e-01,9.878014922142028809e-01,9.878014922142028809e-01,9.878014922142028809e-01,9.878014922142028809e-01,9.878014922142028809e-01,9.904685616493225098e-01,9.894965291023254395e-01,9.890244007110595703e-01,9.607110023498535156e-01,9.644454121589660645e-01,9.919366240501403809e-01,9.950010776519775391e-01,9.910756945610046387e-01,9.890806078910827637e-01,9.878014922142028809e-01,9.878014922142028809e-01,9.878014922142028809e-01,9.878014922142028809e-01,9.878014922142028809e-01,9.867863655090332031e-01,9.865952134132385254e-01,9.878014922142028809e-01,9.878014922142028809e-01,9.878014922142028809e-01,9.878014922142028809e-01,9.878014922142028809e-01,9.902691245079040527e-01,9.530214667320251465e-01,9.754063487052917480e-01,9.934394955635070801e-01,9.877426624298095703e-01,9.878014922142028809e-01,9.878014922142028809e-01,9.878014922142028809e-01,9.878014922142028809e-01,9.878014922142028809e-01,9.878014922142028809e-01,9.878014922142028809e-01,9.858045578002929688e-01,9.831903576850891113e-01,9.711399078369140625e-01,9.878014922142028809e-01,9.878014922142028809e-01,9.878014922142028809e-01,9.878014922142028809e-01,9.878014922142028809e-01,9.738714694976806641e-01,9.961993694305419922e-01,9.878014922142028809e-01,9.908456206321716309e-01,9.894475936889648438e-01,9.878014922142028809e-01,9.878014922142028809e-01,9.878014922142028809e-01,9.878014922142028809e-01,9.878014922142028809e-01,9.878014922142028809e-01,9.861776232719421387e-01,9.841380119323730469e-01,9.671860337257385254e-01,9.581297039985656738e-01,9.878014922142028809e-01,9.878014922142028809e-01,9.878014922142028809e-01,9.878014922142028809e-01,9.878014922142028809e-01,9.877735972404479980e-01,9.878014922142028809e-01,9.878014922142028809e-01,9.878014922142028809e-01,9.878014922142028809e-01,9.878014922142028809e-01,9.878014922142028809e-01,9.878014922142028809e-01,9.878014922142028809e-01,9.878014922142028809e-01,9.893892407417297363e-01,9.861047863960266113e-01,9.878895282745361328e-01,9.821355938911437988e-01,9.270081520080566406e-01,9.878014922142028809e-01,9.878014922142028809e-01,9.878014922142028809e-01,9.878014922142028809e-01,9.878014922142028809e-01,9.770128726959228516e-01,9.878014922142028809e-01,9.878014922142028809e-01,9.878014922142028809e-01,9.878014922142028809e-01,9.878014922142028809e-01,9.878014922142028809e-01,9.878014922142028809e-01,9.878014922142028809e-01,9.878014922142028809e-01,9.938095211982727051e-01,9.918091893196105957e-01,9.878014922142028809e-01,9.611806869506835938e-01,9.759708046913146973e-01,9.878014922142028809e-01,9.878014922142028809e-01,9.878014922142028809e-01
1.000000000000000000e+00,9.625281691551208496e-01,9.688881039619445801e-01,9.841329455375671387e-01,9.793666005134582520e-01,9.545788764953613281e-01,9.878014922142028809e-01,1.000000000000000000e+00,1.000000000000000000e+00,9.962313771247863770e-01,9.922349452972412109e-01,9.946681857109069824e-01,1.000000000000000000e+00,1.000000000000000000e+00,1.000000000000000000e+00,9.992834925651550293e-01,1.000000000000000000e+00,1.000000000000000000e+00,1.000000000000000000e+00,1.000000000000000000e+00,1.000000000000000000e+00,9.819943308830261230e-01,9.973649978637695312e-01,9.791989326477050781e-01,9.956457614898681641e-01,9.927746653556823730e-01,9.992274641990661621e-01,1.000000000000000000e+00,1.000000000000000000e+00,9.993479251861572266e-01,1.000000000000000000e+00,1.000000000000000000e+00,1.000000000000000000e+00,1.000000000000000000e+00,1.000000000000000000e+00,9.974376559257507324e-01,1.000000000000000000e+00,1.000000000000000000e+00,1.000000000000000000e+00,1.000000000000000000e+00,1.000000000000000000e+00,9.954898357391357422e-01,9.851446151733398438e-01,9.752743840217590332e-01,9.393041133880615234e-01,9.761669039726257324e-01,9.974078536033630371e-01,9.955589771270751953e-01,9.985189437866210938e-01,9.996719956398010254e-01,1.000000000000000000e+00,1.000000000000000000e+00,1.000000000000000000e+00,1.000000000000000000e+00,1.000000000000000000e+00,9.879480004310607910e-01,9.991171956062316895e-01,1.000000000000000000e+00,1.000000000000000000e+00,1.000000000000000000e+00,1.000000000000000000e+00,1.000000000000000000e+00,9.944353103637695312e-01,9.275252223014831543e-01,9.580190777778625488e-01,9.941769242286682129e-01,9.999982714653015137e-01,1.000000000000000000e+00,1.000000000000000000e+00,1.000000000000000000e+00,1.000000000000000000e+00,1.000000000000000000e+00,1.000000000000000000e+00,1.000000000000000000e+00,9.995508790016174316e-01,9.983563423156738281e-01,9.927136301994323730e-01,1.000000000000000000e+00,1.000000000000000000e+00,1.000000000000000000e+00,1.000000000000000000e+00,1.000000000000000000e+00,9.945936799049377441e-01,9.939333796501159668e-01,1.000000000000000000e+00,9.984493255615234375e-01,9.997875690460205078e-01,1.000000000000000000e+00,1.000000000000000000e+00,1.000000000000000000e+00,1.000000000000000000e+00,1.000000000000000000e+00,1.000000000000000000e+00,9.997718930244445801e-01,9.980945587158203125e-01,9.875432848930358887e-01,9.834606051445007324e-01,1.000000000000000000e+00,1.000000000000000000e+00,1.000000000000000000e+00,1.000000000000000000e+00,1.000000000000000000e+00,9.997941851615905762e-01,1.000000000000000000e+00,1.000000000000000000e+00,1.000000000000000000e+00,1.000000000000000000e+00,1.000000000000000000e+00,1.000000000000000000e+00,1.000000000000000000e+00,1.000000000000000000e+00,1.000000000000000000e+00,9.993411898612976074e-01,9.994242787361145020e-01,9.999992251396179199e-01,9.957994818687438965e-01,9.566873908042907715e-01,1.000000000000000000e+00,1.000000000000000000e+00,1.000000000000000000e+00,1.000000000000000000e+00,1.000000000000000000e+00,9.959542155265808105e-01,1.000000000000000000e+00,1.000000000000000000e+00,1.000000000000000000e+00,1.000000000000000000e+00,1.000000000000000000e+00,1.000000000000000000e+00,1.000000000000000000e+00,1.000000000000000000e+00,1.000000000000000000e+00,9.968226552009582520e-01,9.989671707153320312e-01,1.000000000000000000e+00,9.827227592468261719e-01,9.933206439018249512e-01,1.000000000000000000e+00,1.000000000000000000e+00,1.000000000000000000e+00
1.000000000000000000e+00,9.625281691551208496e-01,9.688881039619445801e-01,9.841329455375671387e-01,9.793666005134582520e-01,9.545788764953613281e-01,9.878014922142028809e-01,1.000000000000000000e+00,1.000000000000000000e+00,9.962313771247863770e-01,9.922349452972412109e-01,9.946681857109069824e-01,1.000000000000000000e+00,1.000000000000000000e+00,1.000000000000000000e+00,9.992834925651550293e-01,1.000000000000000000e+00,1.000000000000000000e+00,1.000000000000000000e+00,1.000000000000000000e+00,1.000000000000000000e+00,9.819943308830261230e-01,9.973649978637695312e-01,9.791989326477050781e-01,9.956457614898681641e-01,9.927746653556823730e-01,9.992274641990661621e-01,1.000000000000000000e+00,1.000000000000000000e+00,9.993479251861572266e-01,1.000000000000000000e+00,1.000000000000000000e+00,1.000000000000000000e+00,1.000000000000000000e+00,1.000000000000000000e+00,9.974376559257507324e-01,1.000000000000000000e+00,1.000000000000000000e+00,1.000000000000000000e+00,1.000000000000000000e+00,1.000000000000000000e+00,9.954898357391357422e-01,9.851446151733398438e-01,9.752743840217590332e-01,9.393041133880615234e-01,9.761669039726257324e-01,9.974078536033630371e-01,9.955589771270751953e-01,9.985189437866210938e-01,9.996719956398010254e-01,1.000000000000000000e+00,1.000000000000000000e+00,1.000000000000000000e+00,1.000000000000000000e+00,1.000000000000000000e+00,9.879480004310607910e-01,9.991171956062316895e-01,1.000000000000000000e+00,1.000000000000000000e+00,1.000000000000000000e+00,1.000000000000000000e+00,1.000000000000000000e+00,9.944353103637695312e-01,9.275252223014831543e-01,9.580190777778625488e-01,9.941769242286682129e-01,9.999982714653015137e-01,1.000000000000000000e+00,1.000000000000000000e+00,1.000000000000000000e+00,1.000000000000000000e+00,1.000000000000000000e+00,1.000000000000000000e+00,1.000000000000000000e+00,9.995508790016174316e-01,9.983563423156738281e-01,9.927136301994323730e-01,1.000000000000000000e+00,1.000000000000000000e+00,1.000000000000000000e+00,1.000000000000000000e+00,1.000000000000000000e+00,9.945936799049377441e-01,9.939333796501159668e-01,1.000000000000000000e+00,9.984493255615234375e-01,9.997875690460205078e-01,1.000000000000000000e+00,1.000000000000000000e+00,1.000000000000000000e+00,1.000000000000000000e+00,1.000000000000000000e+00,1.000000000000000000e+00,9.997718930244445801e-01,9.980945587158203125e-01,9.875432848930358887e-01,9.834606051445007324e-01,1.000000000000000000e+00,1.000000000000000000e+00,1.000000000000000000e+00,1.000000000000000000e+00,1.000000000000000000e+00,9.997941851615905762e-01,1.000000000000000000e+00,1.000000000000000000e+00,1.000000000000000000e+00,1.000000000000000000e+00,1.000000000000000000e+00,1.000000000000000000e+00,1.000000000000000000e+00,1.000000000000000000e+00,1.000000000000000000e+00,9.993411898612976074e-01,9.994242787361145020e-01,9.999992251396179199e-01,9.957994818687438965e-01,9.566873908042907715e-01,1.000000000000000000e+00,1.000000000000000000e+00,1.000000000000000000e+00,1.000000000000000000e+00,1.000000000000000000e+00,9.959542155265808105e-01,1.000000000000000000e+00,1.000000000000000000e+00,1.000000000000000000e+00,1.000000000000000000e+00,1.000000000000000000e+00,1.000000000000000000e+00,1.000000000000000000e+00,1.000000000000000000e+00,1.000000000000000000e+00,9.968226552009582520e-01,9.989671707153320312e-01,1.000000000000000000e+00,9.827227592468261719e-01,9.933206439018249512e-01,1.000000000000000000e+00,1.000000000000000000e+00,1.000000000000000000e+00
9.962313771247863770e-01,9.498718380928039551e-01,9.617846608161926270e-01,9.849364757537841797e-01,9.678416848182678223e-01,9.614236950874328613e-01,9.926512241363525391e-01,9.962313771247863770e-01,9.962313771247863770e-01,1.000000000000000000e+00,9.952946305274963379e-01,9.973496794700622559e-01,9.962313771247863770e-01,9.962313771247863770e-01,9.962313771247863770e-01,9.958131313323974609e-01,9.962313771247863770e-01,9.962313771247863770e-01,9.962313771247863770e-01,9.962313771247863770e-01,9.962313771247863770e-01,9.831970334053039551e-01,9.962553381919860840e-01,9.836316704750061035e-01,9.948013424873352051e-01,9.927854537963867188e-01,9.947487711906433105e-01,9.962313771247863770e-01,9.962313771247863770e-01,9.972427487373352051e-01,9.962313771247863770e-01,9.962313771247863770e-01,9.962313771247863770e-01,9.962313771247863770e-01,9.962313771247863770e-01,9.915669560432434082e-01,9.962313771247863770e-01,9.962313771247863770e-01,9.962313771247863770e-01,9.962313771247863770e-01,9.962313771247863770e-01,9.942459464073181152e-01,9.876432418823242188e-01,9.773941040039062500e-01,9.453242421150207520e-01,9.725957512855529785e-01,9.955537319183349609e-01,9.965929985046386719e-01,9.975147843360900879e-01,9.969809651374816895e-01,9.962313771247863770e-01,9.962313771247863770e-01,9.962313771247863770e-01,9.962313771247863770e-01,9.962313771247863770e-01,9.863905906677246094e-01,9.949156641960144043e-01,9.962313771247863770e-01,9.962313771247863770e-01,9.962313771247863770e-01,9.962313771247863770e-01,9.962313771247863770e-01,9.926790595054626465e-01,9.371135830879211426e-01,9.621612429618835449e-01,9.936649203300476074e-01,9.962723851203918457e-01,9.962313771247863770e-01,9.962313771247863770e-01,9.962313771247863770e-01,9.962313771247863770e-01,9.962313771247863770e-01,9.962313771247863770e-01,9.962313771247863770e-01,9.949696660041809082e-01,9.949496388435363770e-01,9.858816266059875488e-01,9.962313771247863770e-01,9.962313771247863770e-01,9.962313771247863770e-01,9.962313771247863770e-01,9.962313771247863770e-01,9.873764514923095703e-01,9.956727027893066406e-01,9.962313771247863770e-01,9.973482489585876465e-01,9.970882534980773926e-01,9.962313771247863770e-01,9.962313771247863770e-01,9.962313771247863770e-01,9.962313771247863770e-01,9.962313771247863770e-01,9.962313771247863770e-01,9.958186745643615723e-01,9.947016835212707520e-01,9.836022853851318359e-01,9.748530387878417969e-01,9.962313771247863770e-01,9.962313771247863770e-01,9.962313771247863770e-01,9.962313771247863770e-01,9.962313771247863770e-01,9.964647293090820312e-01,9.962313771247863770e-01,9.962313771247863770e-01,9.962313771247863770e-01,9.962313771247863770e-01,9.962313771247863770e-01,9.962313771247863770e-01,9.962313771247863770e-01,9.962313771247863770e-01,9.962313771247863770e-01,9.959166646003723145e-01,9.950025677680969238e-01,9.962451457977294922e-01,9.940096735954284668e-01,9.450874924659729004e-01,9.962313771247863770e-01,9.962313771247863770e-01,9.962313771247863770e-01,9.962313771247863770e-01,9.962313771247863770e-01,9.897015094757080078e-01,9.962313771247863770e-01,9.962313771247863770e-01,9.962313771247863770e-01,9.962313771247863770e-01,9.962313771247863770e-01,9.962313771247863770e-01,9.962313771247863770e-01,9.962313771247863770e-01,9.962313771247863770e-01,9.952473640441894531e-01,9.967775344848632812e-01,9.962313771247863770e-01,9.754194617271423340e-01,9.868648648262023926e-01,9.962313771247863770e-01,9.962313771247863770e-01,9.962313771247863770e-01
9.922349452972412109e-01,9.403898715972900391e-01,9.659392237663269043e-01,9.834004044532775879e-01,9.631898999214172363e-01,9.762997627258300781e-01,9.972980618476867676e-01,9.922349452972412109e-01,9.922349452972412109e-01,9.952946305274963379e-01,1.000000000000000000e+00,9.975115656852722168e-01,9.922349452972412109e-01,9.922349452972412109e-01,9.922349452972412109e-01,9.895713925361633301e-01,9.922349452972412109e-01,9.922349452972412109e-01,9.922349452972412109e-01,9.922349452972412109e-01,9.922349452972412109e-01,9.760540127754211426e-01,9.933648705482482910e-01,9.821341633796691895e-01,9.921782016754150391e-01,9.912891387939453125e-01,9.923558831214904785e-01,9.922349452972412109e-01,9.922349452972412109e-01,9.937357306480407715e-01,9.922349452972412109e-01,9.922349452972412109e-01,9.922349452972412109e-01,9.922349452972412109e-01,9.922349452972412109e-01,9.849033951759338379e-01,9.922349452972412109e-01,9.922349452972412109e-01,9.922349452972412109e-01,9.922349452972412109e-01,9.922349452972412109e-01,9.921977519989013672e-01,9.873426556587219238e-01,9.864829182624816895e-01,9.586251378059387207e-01,9.740665555000305176e-01,9.939041733741760254e-01,9.961107373237609863e-01,9.940690398216247559e-01,9.930707812309265137e-01,9.922349452972412109e-01,9.922349452972412109e-01,9.922349452972412109e-01,9.922349452972412109e-01,9.922349452972412109e-01,9.912838339805603027e-01,9.908537268638610840e-01,9.922349452972412109e-01,9.922349452972412109e-01,9.922349452972412109e-01,9.922349452972412109e-01,9.922349452972412109e-01,9.915790557861328125e-01,9.481881260871887207e-01,9.719325900077819824e-01,9.942741990089416504e-01,9.921841025352478027e-01,9.922349452972412109e-01,9.922349452972412109e-01,9.922349452972412109e-01,9.922349452972412109e-01,9.922349452972412109e-01,9.922349452972412109e-01,9.922349452972412109e-01,9.907562136650085449e-01,9.874534010887145996e-01,9.754767417907714844e-01,9.922349452972412109e-01,9.922349452972412109e-01,9.922349452972412109e-01,9.922349452972412109e-01,9.922349452972412109e-01,9.797361493110656738e-01,9.966469407081604004e-01,9.922349452972412109e-01,9.935345649719238281e-01,9.932247996330261230e-01,9.922349452972412109e-01,9.922349452972412109e-01,9.922349452972412109e-01,9.922349452972412109e-01,9.922349452972412109e-01,9.922349452972412109e-01,9.907798171043395996e-01,9.878709912300109863e-01,9.719106554985046387e-01,9.633380770683288574e-01,9.922349452972412109e-01,9.922349452972412109e-01,9.922349452972412109e-01,9.922349452972412109e-01,9.922349452972412109e-01,9.917944073677062988e-01,9.922349452972412109e-01,9.922349452972412109e-01,9.922349452972412109e-01,9.922349452972412109e-01,9.922349452972412109e-01,9.922349452972412109e-01,9.922349452972412109e-01,9.922349452972412109e-01,9.922349452972412109e-01,9.929304122924804688e-01,9.912319779396057129e-01,9.923155903816223145e-01,9.859631061553955078e-01,9.312491416931152344e-01,9.922349452972412109e-01,9.922349452972412109e-01,9.922349452972412109e-01,9.922349452972412109e-01,9.922349452972412109e-01,9.823505282402038574e-01,9.922349452972412109e-01,9.922349452972412109e-01,9.922349452972412109e-01,9.922349452972412109e-01,9.922349452972412109e-01,9.922349452972412109e-01,9.922349452972412109e-01,9.922349452972412109e-01,9.922349452972412109e-01,9.962730407714843750e-01,9.945091605186462402e-01,9.922349452972412109e-01,9.638500213623046875e-01,9.795620441436767578e-01,9.922349452972412109e-01,9.922349452972412109e-01,9.922349452972412109e-01
