1.000000000000000000e+00,9.800591468811035156e-01,8.517120480537414551e-01,5.079399943351745605e-01,5.539787411689758301e-01,7.614616751670837402e-01,9.558631777763366699e-01,9.799026846885681152e-01,9.715147614479064941e-01,1.000000000000000000e+00,1.000000000000000000e+00,1.000000000000000000e+00,1.000000000000000000e+00,1.000000000000000000e+00,1.000000000000000000e+00,1.000000000000000000e+00,1.000000000000000000e+00,1.000000000000000000e+00,1.000000000000000000e+00,1.000000000000000000e+00,9.960076212882995605e-01,9.960076212882995605e-01,8.297605514526367188e-01,6.918572783470153809e-01,8.589217662811279297e-01,8.656041026115417480e-01,9.928633570671081543e-01,9.960076212882995605e-01,9.960076212882995605e-01,9.960076212882995605e-01,9.960076212882995605e-01,9.960076212882995605e-01,9.960076212882995605e-01,9.960076212882995605e-01,9.960076212882995605e-01,9.960076212882995605e-01,9.960076212882995605e-01,9.960076212882995605e-01,9.960076212882995605e-01,9.960076212882995605e-01,9.913485050201416016e-01,9.913485050201416016e-01,9.922332763671875000e-01,9.224588871002197266e-01,8.295860290527343750e-01,6.134665012359619141e-01,9.590712189674377441e-01,9.314797520637512207e-01,9.241530299186706543e-01,9.506716728210449219e-01,9.913485050201416016e-01,9.913485050201416016e-01,9.913485050201416016e-01,9.913485050201416016e-01,9.913485050201416016e-01,9.913485050201416016e-01,9.845067858695983887e-01,9.859095215797424316e-01,9.913485050201416016e-01,9.913485050201416016e-01,9.896755218505859375e-01,9.896755218505859375e-01,9.896755218505859375e-01,9.853682518005371094e-01,9.896755218505859375e-01,9.896755218505859375e-01,9.896755218505859375e-01,9.896755218505859375e-01,9.896755218505859375e-01,9.896755218505859375e-01,9.896755218505859375e-01,9.896755218505859375e-01,9.896755218505859375e-01,9.896755218505859375e-01,9.896755218505859375e-01,9.872136116027832031e-01,6.711599230766296387e-01,9.894302487373352051e-01,9.896755218505859375e-01,9.896755218505859375e-01,9.890127778053283691e-01,9.890127778053283691e-01,9.890127778053283691e-01,9.890127778053283691e-01,9.890127778053283691e-01,9.890127778053283691e-01,9.890127778053283691e-01,9.890127778053283691e-01,9.890127778053283691e-01,9.890127778053283691e-01,9.890127778053283691e-01,9.890127778053283691e-01,9.890127778053283691e-01,9.890127778053283691e-01,9.859030246734619141e-01,9.789159297943115234e-01,9.007140994071960449e-01,9.872316718101501465e-01,9.890127778053283691e-01,9.890127778053283691e-01,9.882935881614685059e-01,9.882935881614685059e-01,9.882935881614685059e-01,9.882935881614685059e-01,9.882935881614685059e-01,9.882935881614685059e-01,9.882935881614685059e-01,9.882935881614685059e-01,9.882935881614685059e-01,9.882935881614685059e-01,9.882935881614685059e-01,9.882935881614685059e-01,9.882935881614685059e-01,9.819051623344421387e-01,9.817091822624206543e-01,9.886965751647949219e-01,8.961405754089355469e-01,9.774618148803710938e-01,9.882935881614685059e-01,9.882935881614685059e-01,9.650487899780273438e-01,9.650487899780273438e-01,9.650487899780273438e-01,9.650487899780273438e-01,9.650487899780273438e-01,9.650487899780273438e-01,9.650487899780273438e-01,9.650487899780273438e-01,9.650487899780273438e-01,9.650487899780273438e-01,9.650487899780273438e-01,9.650487899780273438e-01,9.650487899780273438e-01,9.427645802497863770e-01,8.247480392456054688e-01,9.382494091987609863e-01,9.437652230262756348e-01,8.965301513671875000e-01,9.650487899780273438e-01,9.650487899780273438e-01
9.800591468811035156e-01,1.000000000000000000e+00,8.867056965827941895e-01,5.273326039314270020e-01,5.600112080574035645e-01,7.731942534446716309e-01,9.218134880065917969e-01,9.554519057273864746e-01,9.259789586067199707e-01,9.800591468811035156e-01,9.800591468811035156e-01,9.800591468811035156e-01,9.800591468811035156e-01,9.800591468811035156e-01,9.800591468811035156e-01,9.800591468811035156e-01,9.800591468811035156e-01,9.800591468811035156e-01,9.800591468811035156e-01,9.800591468811035156e-01,9.794917702674865723e-01,9.794917702674865723e-01,7.738818526268005371e-01,6.149061322212219238e-01,8.099520802497863770e-01,8.174328804016113281e-01,9.719443321228027344e-01,9.794917702674865723e-01,9.794917702674865723e-01,9.794917702674865723e-01,9.794917702674865723e-01,9.794917702674865723e-01,9.794917702674865723e-01,9.794917702674865723e-01,9.794917702674865723e-01,9.794917702674865723e-01,9.794917702674865723e-01,9.794917702674865723e-01,9.794917702674865723e-01,9.794917702674865723e-01,9.673911929130554199e-01,9.673911929130554199e-01,9.592680335044860840e-01,8.756057620048522949e-01,7.418516278266906738e-01,5.221760869026184082e-01,9.091532826423645020e-01,8.659595847129821777e-01,8.490064740180969238e-01,8.884659409523010254e-01,9.673911929130554199e-01,9.673911929130554199e-01,9.673911929130554199e-01,9.673911929130554199e-01,9.673911929130554199e-01,9.673911929130554199e-01,9.636943936347961426e-01,9.719570279121398926e-01,9.673911929130554199e-01,9.673911929130554199e-01,9.750269055366516113e-01,9.750269055366516113e-01,9.750269055366516113e-01,9.643742442131042480e-01,9.750269055366516113e-01,9.750269055366516113e-01,9.750269055366516113e-01,9.750269055366516113e-01,9.750269055366516113e-01,9.750269055366516113e-01,9.750269055366516113e-01,9.750269055366516113e-01,9.750269055366516113e-01,9.750269055366516113e-01,9.750269055366516113e-01,9.743341803550720215e-01,6.499951481819152832e-01,9.714713692665100098e-01,9.750269055366516113e-01,9.750269055366516113e-01,9.743793010711669922e-01,9.743793010711669922e-01,9.743793010711669922e-01,9.743793010711669922e-01,9.743793010711669922e-01,9.743793010711669922e-01,9.743793010711669922e-01,9.743793010711669922e-01,9.743793010711669922e-01,9.743793010711669922e-01,9.743793010711669922e-01,9.743793010711669922e-01,9.743793010711669922e-01,9.743793010711669922e-01,9.728875160217285156e-01,9.654420018196105957e-01,8.903160095214843750e-01,9.626893997192382812e-01,9.743793010711669922e-01,9.743793010711669922e-01,9.729357361793518066e-01,9.729357361793518066e-01,9.729357361793518066e-01,9.729357361793518066e-01,9.729357361793518066e-01,9.729357361793518066e-01,9.729357361793518066e-01,9.729357361793518066e-01,9.729357361793518066e-01,9.729357361793518066e-01,9.729357361793518066e-01,9.729357361793518066e-01,9.729357361793518066e-01,9.643139839172363281e-01,9.617505073547363281e-01,9.728696942329406738e-01,8.514309525489807129e-01,9.363335967063903809e-01,9.729357361793518066e-01,9.729357361793518066e-01,9.120950698852539062e-01,9.120950698852539062e-01,9.120950698852539062e-01,9.120950698852539062e-01,9.120950698852539062e-01,9.120950698852539062e-01,9.120950698852539062e-01,9.120950698852539062e-01,9.120950698852539062e-01,9.120950698852539062e-01,9.120950698852539062e-01,9.120950698852539062e-01,9.120950698852539062e-01,8.818183541297912598e-01,8.108522295951843262e-01,9.411972165107727051e-01,9.514226913452148438e-01,8.122047781944274902e-01,9.120950698852539062e-01,9.120950698852539062e-01
8.517120480537414551e-01,8.867056965827941895e-01,1.000000000000000000e+00,3.670604228973388672e-01,3.599185943603515625e-01,5.720446705818176270e-01,7.947891354560852051e-01,8.490398526191711426e-01,8.271560668945312500e-01,8.517120480537414551e-01,8.517120480537414551e-01,8.517120480537414551e-01,8.517120480537414551e-01,8.517120480537414551e-01,8.517120480537414551e-01,8.517120480537414551e-01,8.517120480537414551e-01,8.517120480537414551e-01,8.517120480537414551e-01,8.517120480537414551e-01,8.584890365600585938e-01,8.584890365600585938e-01,5.780634284019470215e-01,4.222594797611236572e-01,6.476414203643798828e-01,6.486794948577880859e-01,8.431639671325683594e-01,8.584890365600585938e-01,8.584890365600585938e-01,8.584890365600585938e-01,8.584890365600585938e-01,8.584890365600585938e-01,8.584890365600585938e-01,8.584890365600585938e-01,8.584890365600585938e-01,8.584890365600585938e-01,8.584890365600585938e-01,8.584890365600585938e-01,8.584890365600585938e-01,8.584890365600585938e-01,8.545489311218261719e-01,8.545489311218261719e-01,8.454316258430480957e-01,7.204300761222839355e-01,6.082753539085388184e-01,4.924174547195434570e-01,7.422373890876770020e-01,7.228696942329406738e-01,7.131494879722595215e-01,7.515685558319091797e-01,8.545489311218261719e-01,8.545489311218261719e-01,8.545489311218261719e-01,8.545489311218261719e-01,8.545489311218261719e-01,8.545489311218261719e-01,8.509802818298339844e-01,8.645603060722351074e-01,8.545489311218261719e-01,8.545489311218261719e-01,8.666684627532958984e-01,8.666684627532958984e-01,8.666684627532958984e-01,8.202965855598449707e-01,8.666684627532958984e-01,8.666684627532958984e-01,8.666684627532958984e-01,8.666684627532958984e-01,8.666684627532958984e-01,8.666684627532958984e-01,8.666684627532958984e-01,8.666684627532958984e-01,8.666684627532958984e-01,8.666684627532958984e-01,8.666684627532958984e-01,8.693040013313293457e-01,6.073948740959167480e-01,8.628965020179748535e-01,8.666684627532958984e-01,8.666684627532958984e-01,8.659250140190124512e-01,8.659250140190124512e-01,8.659250140190124512e-01,8.659250140190124512e-01,8.659250140190124512e-01,8.659250140190124512e-01,8.659250140190124512e-01,8.659250140190124512e-01,8.659250140190124512e-01,8.659250140190124512e-01,8.659250140190124512e-01,8.659250140190124512e-01,8.659250140190124512e-01,8.659250140190124512e-01,8.679152131080627441e-01,8.548569679260253906e-01,8.254945874214172363e-01,8.560271263122558594e-01,8.659250140190124512e-01,8.659250140190124512e-01,8.654096722602844238e-01,8.654096722602844238e-01,8.654096722602844238e-01,8.654096722602844238e-01,8.654096722602844238e-01,8.654096722602844238e-01,8.654096722602844238e-01,8.654096722602844238e-01,8.654096722602844238e-01,8.654096722602844238e-01,8.654096722602844238e-01,8.654096722602844238e-01,8.654096722602844238e-01,8.565239906311035156e-01,8.618357777595520020e-01,8.649733066558837891e-01,7.716529965400695801e-01,8.271966576576232910e-01,8.654096722602844238e-01,8.654096722602844238e-01,8.049809336662292480e-01,8.049809336662292480e-01,8.049809336662292480e-01,8.049809336662292480e-01,8.049809336662292480e-01,8.049809336662292480e-01,8.049809336662292480e-01,8.049809336662292480e-01,8.049809336662292480e-01,8.049809336662292480e-01,8.049809336662292480e-01,8.049809336662292480e-01,8.049809336662292480e-01,7.539226412773132324e-01,6.389880180358886719e-01,8.408482670783996582e-01,8.909471631050109863e-01,7.180185317993164062e-01,8.049809336662292480e-01,8.049809336662292480e-01
5.079399943351745605e-01,5.273326039314270020e-01,3.670604228973388672e-01,1.000000000000000000e+00,9.498429894447326660e-01,7.140614390373229980e-01,5.342162251472473145e-01,4.820710718631744385e-01,4.804944097995758057e-01,5.079399943351745605e-01,5.079399943351745605e-01,5.079399943351745605e-01,5.079399943351745605e-01,5.079399943351745605e-01,5.079399943351745605e-01,5.079399943351745605e-01,5.079399943351745605e-01,5.079399943351745605e-01,5.079399943351745605e-01,5.079399943351745605e-01,4.901774823665618896e-01,4.901774823665618896e-01,7.077021598815917969e-01,6.633943915367126465e-01,6.531393527984619141e-01,7.007916569709777832e-01,5.026798844337463379e-01,4.901774823665618896e-01,4.901774823665618896e-01,4.901774823665618896e-01,4.901774823665618896e-01,4.901774823665618896e-01,4.901774823665618896e-01,4.901774823665618896e-01,4.901774823665618896e-01,4.901774823665618896e-01,4.901774823665618896e-01,4.901774823665618896e-01,4.901774823665618896e-01,4.901774823665618896e-01,4.629755020141601562e-01,4.629755020141601562e-01,4.641942977905273438e-01,5.720160603523254395e-01,4.513686001300811768e-01,3.191543519496917725e-01,5.911850929260253906e-01,4.974509775638580322e-01,4.872012138366699219e-01,4.892734587192535400e-01,4.629755020141601562e-01,4.629755020141601562e-01,4.629755020141601562e-01,4.629755020141601562e-01,4.629755020141601562e-01,4.629755020141601562e-01,4.739542901515960693e-01,4.496901333332061768e-01,4.629755020141601562e-01,4.629755020141601562e-01,4.507056772708892822e-01,4.507056772708892822e-01,4.507056772708892822e-01,5.422182679176330566e-01,4.507056772708892822e-01,4.507056772708892822e-01,4.507056772708892822e-01,4.507056772708892822e-01,4.507056772708892822e-01,4.507056772708892822e-01,4.507056772708892822e-01,4.507056772708892822e-01,4.507056772708892822e-01,4.507056772708892822e-01,4.507056772708892822e-01,4.426679313182830811e-01,4.373751580715179443e-01,4.456237256526947021e-01,4.507056772708892822e-01,4.507056772708892822e-01,4.512599408626556396e-01,4.512599408626556396e-01,4.512599408626556396e-01,4.512599408626556396e-01,4.512599408626556396e-01,4.512599408626556396e-01,4.512599408626556396e-01,4.512599408626556396e-01,4.512599408626556396e-01,4.512599408626556396e-01,4.512599408626556396e-01,4.512599408626556396e-01,4.512599408626556396e-01,4.512599408626556396e-01,4.415728151798248291e-01,4.497613012790679932e-01,3.656940460205078125e-01,4.341426193714141846e-01,4.512599408626556396e-01,4.512599408626556396e-01,4.478633701801300049e-01,4.478633701801300049e-01,4.478633701801300049e-01,4.478633701801300049e-01,4.478633701801300049e-01,4.478633701801300049e-01,4.478633701801300049e-01,4.478633701801300049e-01,4.478633701801300049e-01,4.478633701801300049e-01,4.478633701801300049e-01,4.478633701801300049e-01,4.478633701801300049e-01,4.554260969161987305e-01,4.113900959491729736e-01,4.490604698657989502e-01,3.736139237880706787e-01,4.137694835662841797e-01,4.478633701801300049e-01,4.478633701801300049e-01,4.316620826721191406e-01,4.316620826721191406e-01,4.316620826721191406e-01,4.316620826721191406e-01,4.316620826721191406e-01,4.316620826721191406e-01,4.316620826721191406e-01,4.316620826721191406e-01,4.316620826721191406e-01,4.316620826721191406e-01,4.316620826721191406e-01,4.316620826721191406e-01,4.316620826721191406e-01,5.064911842346191406e-01,7.389998435974121094e-01,5.688311457633972168e-01,4.045839607715606689e-01,3.851394653320312500e-01,4.316620826721191406e-01,4.316620826721191406e-01
5.539787411689758301e-01,5.600112080574035645e-01,3.599185943603515625e-01,9.498429894447326660e-01,1.000000000000000000e+00,7.511261105537414551e-01,6.025436520576477051e-01,5.289885997772216797e-01,5.388637185096740723e-01,5.539787411689758301e-01,5.539787411689758301e-01,5.539787411689758301e-01,5.539787411689758301e-01,5.539787411689758301e-01,5.539787411689758301e-01,5.539787411689758301e-01,5.539787411689758301e-01,5.539787411689758301e-01,5.539787411689758301e-01,5.539787411689758301e-01,5.317790508270263672e-01,5.317790508270263672e-01,7.973197102546691895e-01,7.590808868408203125e-01,7.380323410034179688e-01,7.747607231140136719e-01,5.474894642829895020e-01,5.317790508270263672e-01,5.317790508270263672e-01,5.317790508270263672e-01,5.317790508270263672e-01,5.317790508270263672e-01,5.317790508270263672e-01,5.317790508270263672e-01,5.317790508270263672e-01,5.317790508270263672e-01,5.317790508270263672e-01,5.317790508270263672e-01,5.317790508270263672e-01,5.317790508270263672e-01,5.054145455360412598e-01,5.054145455360412598e-01,5.155178904533386230e-01,5.950600504875183105e-01,5.177451968193054199e-01,3.717930316925048828e-01,6.571648120880126953e-01,5.676043629646301270e-01,5.631175041198730469e-01,5.570363998413085938e-01,5.054145455360412598e-01,5.054145455360412598e-01,5.054145455360412598e-01,5.054145455360412598e-01,5.054145455360412598e-01,5.054145455360412598e-01,5.128207206726074219e-01,4.843424856662750244e-01,5.054145455360412598e-01,5.054145455360412598e-01,4.862085282802581787e-01,4.862085282802581787e-01,4.862085282802581787e-01,5.907376408576965332e-01,4.862085282802581787e-01,4.862085282802581787e-01,4.862085282802581787e-01,4.862085282802581787e-01,4.862085282802581787e-01,4.862085282802581787e-01,4.862085282802581787e-01,4.862085282802581787e-01,4.862085282802581787e-01,4.862085282802581787e-01,4.862085282802581787e-01,4.764499962329864502e-01,4.992459118366241455e-01,4.828384816646575928e-01,4.862085282802581787e-01,4.862085282802581787e-01,4.866870343685150146e-01,4.866870343685150146e-01,4.866870343685150146e-01,4.866870343685150146e-01,4.866870343685150146e-01,4.866870343685150146e-01,4.866870343685150146e-01,4.866870343685150146e-01,4.866870343685150146e-01,4.866870343685150146e-01,4.866870343685150146e-01,4.866870343685150146e-01,4.866870343685150146e-01,4.866870343685150146e-01,4.757691919803619385e-01,4.858965873718261719e-01,3.778244554996490479e-01,4.729288518428802490e-01,4.866870343685150146e-01,4.866870343685150146e-01,4.825874865055084229e-01,4.825874865055084229e-01,4.825874865055084229e-01,4.825874865055084229e-01,4.825874865055084229e-01,4.825874865055084229e-01,4.825874865055084229e-01,4.825874865055084229e-01,4.825874865055084229e-01,4.825874865055084229e-01,4.825874865055084229e-01,4.825874865055084229e-01,4.825874865055084229e-01,4.975740015506744385e-01,4.455406665802001953e-01,4.841168820858001709e-01,3.790051639080047607e-01,4.572893083095550537e-01,4.825874865055084229e-01,4.825874865055084229e-01,4.812764227390289307e-01,4.812764227390289307e-01,4.812764227390289307e-01,4.812764227390289307e-01,4.812764227390289307e-01,4.812764227390289307e-01,4.812764227390289307e-01,4.812764227390289307e-01,4.812764227390289307e-01,4.812764227390289307e-01,4.812764227390289307e-01,4.812764227390289307e-01,4.812764227390289307e-01,5.766367316246032715e-01,8.000180125236511230e-01,5.742068290710449219e-01,4.066741764545440674e-01,4.400776326656341553e-01,4.812764227390289307e-01,4.812764227390289307e-01
7.614616751670837402e-01,7.731942534446716309e-01,5.720446705818176270e-01,7.140614390373229980e-01,7.511261105537414551e-01,1.000000000000000000e+00,8.015434145927429199e-01,7.590094208717346191e-01,7.369048595428466797e-01,7.614616751670837402e-01,7.614616751670837402e-01,7.614616751670837402e-01,7.614616751670837402e-01,7.614616751670837402e-01,7.614616751670837402e-01,7.614616751670837402e-01,7.614616751670837402e-01,7.614616751670837402e-01,7.614616751670837402e-01,7.614616751670837402e-01,7.520590424537658691e-01,7.520590424537658691e-01,7.887228131294250488e-01,6.727228164672851562e-01,7.337886691093444824e-01,7.681179046630859375e-01,7.636466026306152344e-01,7.520590424537658691e-01,7.520590424537658691e-01,7.520590424537658691e-01,7.520590424537658691e-01,7.520590424537658691e-01,7.520590424537658691e-01,7.520590424537658691e-01,7.520590424537658691e-01,7.520590424537658691e-01,7.520590424537658691e-01,7.520590424537658691e-01,7.520590424537658691e-01,7.520590424537658691e-01,7.399923205375671387e-01,7.399923205375671387e-01,7.349887490272521973e-01,7.207751870155334473e-01,6.475482583045959473e-01,4.439661800861358643e-01,7.857254147529602051e-01,7.493981719017028809e-01,7.369022965431213379e-01,7.468271851539611816e-01,7.399923205375671387e-01,7.399923205375671387e-01,7.399923205375671387e-01,7.399923205375671387e-01,7.399923205375671387e-01,7.399923205375671387e-01,7.407562732696533203e-01,7.357495427131652832e-01,7.399923205375671387e-01,7.399923205375671387e-01,7.330983281135559082e-01,7.330983281135559082e-01,7.330983281135559082e-01,7.616209983825683594e-01,7.330983281135559082e-01,7.330983281135559082e-01,7.330983281135559082e-01,7.330983281135559082e-01,7.330983281135559082e-01,7.330983281135559082e-01,7.330983281135559082e-01,7.330983281135559082e-01,7.330983281135559082e-01,7.330983281135559082e-01,7.330983281135559082e-01,7.295722961425781250e-01,5.748159289360046387e-01,7.288697361946105957e-01,7.330983281135559082e-01,7.330983281135559082e-01,7.340471744537353516e-01,7.340471744537353516e-01,7.340471744537353516e-01,7.340471744537353516e-01,7.340471744537353516e-01,7.340471744537353516e-01,7.340471744537353516e-01,7.340471744537353516e-01,7.340471744537353516e-01,7.340471744537353516e-01,7.340471744537353516e-01,7.340471744537353516e-01,7.340471744537353516e-01,7.340471744537353516e-01,7.300437092781066895e-01,7.330584526062011719e-01,6.568347811698913574e-01,7.220015525817871094e-01,7.340471744537353516e-01,7.340471744537353516e-01,7.328384518623352051e-01,7.328384518623352051e-01,7.328384518623352051e-01,7.328384518623352051e-01,7.328384518623352051e-01,7.328384518623352051e-01,7.328384518623352051e-01,7.328384518623352051e-01,7.328384518623352051e-01,7.328384518623352051e-01,7.328384518623352051e-01,7.328384518623352051e-01,7.328384518623352051e-01,7.593151926994323730e-01,7.177824378013610840e-01,7.341797351837158203e-01,6.263225078582763672e-01,7.061455845832824707e-01,7.328384518623352051e-01,7.328384518623352051e-01,7.030614018440246582e-01,7.030614018440246582e-01,7.030614018440246582e-01,7.030614018440246582e-01,7.030614018440246582e-01,7.030614018440246582e-01,7.030614018440246582e-01,7.030614018440246582e-01,7.030614018440246582e-01,7.030614018440246582e-01,7.030614018440246582e-01,7.030614018440246582e-01,7.030614018440246582e-01,7.360742688179016113e-01,8.140668869018554688e-01,7.650378346443176270e-01,6.861105561256408691e-01,6.393323540687561035e-01,7.030614018440246582e-01,7.030614018440246582e-01
9.558631777763366699e-01,9.218134880065917969e-01,7.947891354560852051e-01,5.342162251472473145e-01,6.025436520576477051e-01,8.015434145927429199e-01,1.000000000000000000e+00,9.699757695198059082e-01,9.795534610748291016e-01,9.558631777763366699e-01,9.558631777763366699e-01,9.558631777763366699e-01,9.558631777763366699e-01,9.558631777763366699e-01,9.558631777763366699e-01,9.558631777763366699e-01,9.558631777763366699e-01,9.558631777763366699e-01,9.558631777763366699e-01,9.558631777763366699e-01,9.421901702880859375e-01,9.421901702880859375e-01,8.812690377235412598e-01,7.608826756477355957e-01,8.682979941368103027e-01,8.875527977943420410e-01,9.473657608032226562e-01,9.421901702880859375e-01,9.421901702880859375e-01,9.421901702880859375e-01,9.421901702880859375e-01,9.421901702880859375e-01,9.421901702880859375e-01,9.421901702880859375e-01,9.421901702880859375e-01,9.421901702880859375e-01,9.421901702880859375e-01,9.421901702880859375e-01,9.421901702880859375e-01,9.421901702880859375e-01,9.412201046943664551e-01,9.412201046943664551e-01,9.537003040313720703e-01,8.923580646514892578e-01,8.418998718261718750e-01,6.229889988899230957e-01,9.500781893730163574e-01,9.369745850563049316e-01,9.400150179862976074e-01,9.442200660705566406e-01,9.412201046943664551e-01,9.412201046943664551e-01,9.412201046943664551e-01,9.412201046943664551e-01,9.412201046943664551e-01,9.412201046943664551e-01,9.223989844322204590e-01,9.236071705818176270e-01,9.412201046943664551e-01,9.412201046943664551e-01,9.259693026542663574e-01,9.259693026542663574e-01,9.259693026542663574e-01,9.461703896522521973e-01,9.259693026542663574e-01,9.259693026542663574e-01,9.259693026542663574e-01,9.259693026542663574e-01,9.259693026542663574e-01,9.259693026542663574e-01,9.259693026542663574e-01,9.259693026542663574e-01,9.259693026542663574e-01,9.259693026542663574e-01,9.259693026542663574e-01,9.218702912330627441e-01,7.299979329109191895e-01,9.270093441009521484e-01,9.259693026542663574e-01,9.259693026542663574e-01,9.264215826988220215e-01,9.264215826988220215e-01,9.264215826988220215e-01,9.264215826988220215e-01,9.264215826988220215e-01,9.264215826988220215e-01,9.264215826988220215e-01,9.264215826988220215e-01,9.264215826988220215e-01,9.264215826988220215e-01,9.264215826988220215e-01,9.264215826988220215e-01,9.264215826988220215e-01,9.264215826988220215e-01,9.221644997596740723e-01,9.142065048217773438e-01,8.222286105155944824e-01,9.282075762748718262e-01,9.264215826988220215e-01,9.264215826988220215e-01,9.248557090759277344e-01,9.248557090759277344e-01,9.248557090759277344e-01,9.248557090759277344e-01,9.248557090759277344e-01,9.248557090759277344e-01,9.248557090759277344e-01,9.248557090759277344e-01,9.248557090759277344e-01,9.248557090759277344e-01,9.248557090759277344e-01,9.248557090759277344e-01,9.248557090759277344e-01,9.547665715217590332e-01,9.184331893920898438e-01,9.261012673377990723e-01,8.253192305564880371e-01,9.283409714698791504e-01,9.248557090759277344e-01,9.248557090759277344e-01,9.265556335449218750e-01,9.265556335449218750e-01,9.265556335449218750e-01,9.265556335449218750e-01,9.265556335449218750e-01,9.265556335449218750e-01,9.265556335449218750e-01,9.265556335449218750e-01,9.265556335449218750e-01,9.265556335449218750e-01,9.265556335449218750e-01,9.265556335449218750e-01,9.265556335449218750e-01,9.570487141609191895e-01,8.253071308135986328e-01,8.785975575447082520e-01,8.504379391670227051e-01,8.784928321838378906e-01,9.265556335449218750e-01,9.265556335449218750e-01
9.799026846885681152e-01,9.554519057273864746e-01,8.490398526191711426e-01,4.820710718631744385e-01,5.289885997772216797e-01,7.590094208717346191e-01,9.699757695198059082e-01,1.000000000000000000e+00,9.762441515922546387e-01,9.799026846885681152e-01,9.799026846885681152e-01,9.799026846885681152e-01,9.799026846885681152e-01,9.799026846885681152e-01,9.799026846885681152e-01,9.799026846885681152e-01,9.799026846885681152e-01,9.799026846885681152e-01,9.799026846885681152e-01,9.799026846885681152e-01,9.784753918647766113e-01,9.784753918647766113e-01,8.305576443672180176e-01,7.012721896171569824e-01,8.321169018745422363e-01,8.542471528053283691e-01,9.790138602256774902e-01,9.784753918647766113e-01,9.784753918647766113e-01,9.784753918647766113e-01,9.784753918647766113e-01,9.784753918647766113e-01,9.784753918647766113e-01,9.784753918647766113e-01,9.784753918647766113e-01,9.784753918647766113e-01,9.784753918647766113e-01,9.784753918647766113e-01,9.784753918647766113e-01,9.784753918647766113e-01,9.794858098030090332e-01,9.794858098030090332e-01,9.817802309989929199e-01,9.065276980400085449e-01,8.276234269142150879e-01,6.396909952163696289e-01,9.437937736511230469e-01,9.355451464653015137e-01,9.344634413719177246e-01,9.520384669303894043e-01,9.794858098030090332e-01,9.794858098030090332e-01,9.794858098030090332e-01,9.794858098030090332e-01,9.794858098030090332e-01,9.794858098030090332e-01,9.689810872077941895e-01,9.712846875190734863e-01,9.794858098030090332e-01,9.794858098030090332e-01,9.728784561157226562e-01,9.728784561157226562e-01,9.728784561157226562e-01,9.654841423034667969e-01,9.728784561157226562e-01,9.728784561157226562e-01,9.728784561157226562e-01,9.728784561157226562e-01,9.728784561157226562e-01,9.728784561157226562e-01,9.728784561157226562e-01,9.728784561157226562e-01,9.728784561157226562e-01,9.728784561157226562e-01,9.728784561157226562e-01,9.706284999847412109e-01,7.102286219596862793e-01,9.723432064056396484e-01,9.728784561157226562e-01,9.728784561157226562e-01,9.732668399810791016e-01,9.732668399810791016e-01,9.732668399810791016e-01,9.732668399810791016e-01,9.732668399810791016e-01,9.732668399810791016e-01,9.732668399810791016e-01,9.732668399810791016e-01,9.732668399810791016e-01,9.732668399810791016e-01,9.732668399810791016e-01,9.732668399810791016e-01,9.732668399810791016e-01,9.732668399810791016e-01,9.707383513450622559e-01,9.616884589195251465e-01,8.950762152671813965e-01,9.726034998893737793e-01,9.732668399810791016e-01,9.732668399810791016e-01,9.728715419769287109e-01,9.728715419769287109e-01,9.728715419769287109e-01,9.728715419769287109e-01,9.728715419769287109e-01,9.728715419769287109e-01,9.728715419769287109e-01,9.728715419769287109e-01,9.728715419769287109e-01,9.728715419769287109e-01,9.728715419769287109e-01,9.728715419769287109e-01,9.728715419769287109e-01,9.834401011466979980e-01,9.651398658752441406e-01,9.731183648109436035e-01,8.858129978179931641e-01,9.694967865943908691e-01,9.728715419769287109e-01,9.728715419769287109e-01,9.609497189521789551e-01,9.609497189521789551e-01,9.609497189521789551e-01,9.609497189521789551e-01,9.609497189521789551e-01,9.609497189521789551e-01,9.609497189521789551e-01,9.609497189521789551e-01,9.609497189521789551e-01,9.609497189521789551e-01,9.609497189521789551e-01,9.609497189521789551e-01,9.609497189521789551e-01,9.564425349235534668e-01,7.899681925773620605e-01,9.239264130592346191e-01,9.180691838264465332e-01,9.034478068351745605e-01,9.609497189521789551e-01,9.609497189521789551e-01
9.715147614479064941e-01,9.259789586067199707e-01,8.271560668945312500e-01,4.804944097995758057e-01,5.388637185096740723e-01,7.369048595428466797e-01,9.795534610748291016e-01,9.762441515922546387e-01,1.000000000000000000e+00,9.715147614479064941e-01,9.715147614479064941e-01,9.715147614479064941e-01,9.715147614479064941e-01,9.715147614479064941e-01,9.715147614479064941e-01,9.715147614479064941e-01,9.715147614479064941e-01,9.715147614479064941e-01,9.715147614479064941e-01,9.715147614479064941e-01,9.592256546020507812e-01,9.592256546020507812e-01,8.531827330589294434e-01,7.343616485595703125e-01,8.629987835884094238e-01,8.803890347480773926e-01,9.596917033195495605e-01,9.592256546020507812e-01,9.592256546020507812e-01,9.592256546020507812e-01,9.592256546020507812e-01,9.592256546020507812e-01,9.592256546020507812e-01,9.592256546020507812e-01,9.592256546020507812e-01,9.592256546020507812e-01,9.592256546020507812e-01,9.592256546020507812e-01,9.592256546020507812e-01,9.592256546020507812e-01,9.612257480621337891e-01,9.612257480621337891e-01,9.738852381706237793e-01,9.074242711067199707e-01,8.770194649696350098e-01,6.498593688011169434e-01,9.601047635078430176e-01,9.460802078247070312e-01,9.524042606353759766e-01,9.579733014106750488e-01,9.612257480621337891e-01,9.612257480621337891e-01,9.612257480621337891e-01,9.612257480621337891e-01,9.612257480621337891e-01,9.612257480621337891e-01,9.459652304649353027e-01,9.439776539802551270e-01,9.612257480621337891e-01,9.612257480621337891e-01,9.479690194129943848e-01,9.479690194129943848e-01,9.479690194129943848e-01,9.501728415489196777e-01,9.479690194129943848e-01,9.479690194129943848e-01,9.479690194129943848e-01,9.479690194129943848e-01,9.479690194129943848e-01,9.479690194129943848e-01,9.479690194129943848e-01,9.479690194129943848e-01,9.479690194129943848e-01,9.479690194129943848e-01,9.479690194129943848e-01,9.441561698913574219e-01,7.280247807502746582e-01,9.500437378883361816e-01,9.479690194129943848e-01,9.479690194129943848e-01,9.478039145469665527e-01,9.478039145469665527e-01,9.478039145469665527e-01,9.478039145469665527e-01,9.478039145469665527e-01,9.478039145469665527e-01,9.478039145469665527e-01,9.478039145469665527e-01,9.478039145469665527e-01,9.478039145469665527e-01,9.478039145469665527e-01,9.478039145469665527e-01,9.478039145469665527e-01,9.478039145469665527e-01,9.438855648040771484e-01,9.322288036346435547e-01,8.426790237426757812e-01,9.544997215270996094e-01,9.478039145469665527e-01,9.478039145469665527e-01,9.472735524177551270e-01,9.472735524177551270e-01,9.472735524177551270e-01,9.472735524177551270e-01,9.472735524177551270e-01,9.472735524177551270e-01,9.472735524177551270e-01,9.472735524177551270e-01,9.472735524177551270e-01,9.472735524177551270e-01,9.472735524177551270e-01,9.472735524177551270e-01,9.472735524177551270e-01,9.616881012916564941e-01,9.448568820953369141e-01,9.485443234443664551e-01,8.722243309020996094e-01,9.579493403434753418e-01,9.472735524177551270e-01,9.472735524177551270e-01,9.571883082389831543e-01,9.571883082389831543e-01,9.571883082389831543e-01,9.571883082389831543e-01,9.571883082389831543e-01,9.571883082389831543e-01,9.571883082389831543e-01,9.571883082389831543e-01,9.571883082389831543e-01,9.571883082389831543e-01,9.571883082389831543e-01,9.571883082389831543e-01,9.571883082389831543e-01,9.601705670356750488e-01,8.007659912109375000e-01,8.894464969635009766e-01,8.894813656806945801e-01,9.166579842567443848e-01,9.571883082389831543e-01,9.571883082389831543e-01
1.000000000000000000e+00,9.800591468811035156e-01,8.517120480537414551e-01,5.079399943351745605e-01,5.539787411689758301e-01,7.614616751670837402e-01,9.558631777763366699e-01,9.799026846885681152e-01,9.715147614479064941e-01,1.000000000000000000e+00,1.000000000000000000e+00,1.000000000000000000e+00,1.000000000000000000e+00,1.000000000000000000e+00,1.000000000000000000e+00,1.000000000000000000e+00,1.000000000000000000e+00,1.000000000000000000e+00,1.000000000000000000e+00,1.000000000000000000e+00,9.960076212882995605e-01,9.960076212882995605e-01,8.297605514526367188e-01,6.918572783470153809e-01,8.589217662811279297e-01,8.656041026115417480e-01,9.928633570671081543e-01,9.960076212882995605e-01,9.960076212882995605e-01,9.960076212882995605e-01,9.960076212882995605e-01,9.960076212882995605e-01,9.960076212882995605e-01,9.960076212882995605e-01,9.960076212882995605e-01,9.960076212882995605e-01,9.960076212882995605e-01,9.960076212882995605e-01,9.960076212882995605e-01,9.960076212882995605e-01,9.913485050201416016e-01,9.913485050201416016e-01,9.922332763671875000e-01,9.224588871002197266e-01,8.295860290527343750e-01,6.134665012359619141e-01,9.590712189674377441e-01,9.314797520637512207e-01,9.241530299186706543e-01,9.506716728210449219e-01,9.913485050201416016e-01,9.913485050201416016e-01,9.913485050201416016e-01,9.913485050201416016e-01,9.913485050201416016e-01,9.913485050201416016e-01,9.845067858695983887e-01,9.859095215797424316e-01,9.913485050201416016e-01,9.913485050201416016e-01,9.896755218505859375e-01,9.896755218505859375e-01,9.896755218505859375e-01,9.853682518005371094e-01,9.896755218505859375e-01,9.896755218505859375e-01,9.896755218505859375e-01,9.896755218505859375e-01,9.896755218505859375e-01,9.896755218505859375e-01,9.896755218505859375e-01,9.896755218505859375e-01,9.896755218505859375e-01,9.896755218505859375e-01,9.896755218505859375e-01,9.872136116027832031e-01,6.711599230766296387e-01,9.894302487373352051e-01,9.896755218505859375e-01,9.896755218505859375e-01,9.890127778053283691e-01,9.890127778053283691e-01,9.890127778053283691e-01,9.890127778053283691e-01,9.890127778053283691e-01,9.890127778053283691e-01,9.890127778053283691e-01,9.890127778053283691e-01,9.890127778053283691e-01,9.890127778053283691e-01,9.890127778053283691e-01,9.890127778053283691e-01,9.890127778053283691e-01,9.890127778053283691e-01,9.859030246734619141e-01,9.789159297943115234e-01,9.007140994071960449e-01,9.872316718101501465e-01,9.890127778053283691e-01,9.890127778053283691e-01,9.882935881614685059e-01,9.882935881614685059e-01,9.882935881614685059e-01,9.882935881614685059e-01,9.882935881614685059e-01,9.882935881614685059e-01,9.882935881614685059e-01,9.882935881614685059e-01,9.882935881614685059e-01,9.882935881614685059e-01,9.882935881614685059e-01,9.882935881614685059e-01,9.882935881614685059e-01,9.819051623344421387e-01,9.817091822624206543e-01,9.886965751647949219e-01,8.961405754089355469e-01,9.774618148803710938e-01,9.882935881614685059e-01,9.882935881614685059e-01,9.650487899780273438e-01,9.650487899780273438e-01,9.650487899780273438e-01,9.650487899780273438e-01,9.650487899780273438e-01,9.650487899780273438e-01,9.650487899780273438e-01,9.650487899780273438e-01,9.650487899780273438e-01,9.650487899780273438e-01,9.650487899780273438e-01,9.650487899780273438e-01,9.650487899780273438e-01,9.427645802497863770e-01,8.247480392456054688e-01,9.382494091987609863e-01,9.437652230262756348e-01,8.965301513671875000e-01,9.650487899780273438e-01,9.650487899780273438e-01
1.000000000000000000e+00,9.800591468811035156e-01,8.517120480537414551e-01,5.079399943351745605e-01,5.539787411689758301e-01,7.614616751670837402e-01,9.558631777763366699e-01,9.799026846885681152e-01,9.715147614479064941e-01,1.000000000000000000e+00,1.000000000000000000e+00,1.000000000000000000e+00,1.000000000000000000e+00,1.000000000000000000e+00,1.000000000000000000e+00,1.000000000000000000e+00,1.000000000000000000e+00,1.000000000000000000e+00,1.000000000000000000e+00,1.000000000000000000e+00,9.960076212882995605e-01,9.960076212882995605e-01,8.297605514526367188e-01,6.918572783470153809e-01,8.589217662811279297e-01,8.656041026115417480e-01,9.928633570671081543e-01,9.960076212882995605e-01,9.960076212882995605e-01,9.960076212882995605e-01,9.960076212882995605e-01,9.960076212882995605e-01,9.960076212882995605e-01,9.960076212882995605e-01,9.960076212882995605e-01,9.960076212882995605e-01,9.960076212882995605e-01,9.960076212882995605e-01,9.960076212882995605e-01,9.960076212882995605e-01,9.913485050201416016e-01,9.913485050201416016e-01,9.922332763671875000e-01,9.224588871002197266e-01,8.295860290527343750e-01,6.134665012359619141e-01,9.590712189674377441e-01,9.314797520637512207e-01,9.241530299186706543e-01,9.506716728210449219e-01,9.913485050201416016e-01,9.913485050201416016e-01,9.913485050201416016e-01,9.913485050201416016e-01,9.913485050201416016e-01,9.913485050201416016e-01,9.845067858695983887e-01,9.859095215797424316e-01,9.913485050201416016e-01,9.913485050201416016e-01,9.896755218505859375e-01,9.896755218505859375e-01,9.896755218505859375e-01,9.853682518005371094e-01,9.896755218505859375e-01,9.896755218505859375e-01,9.896755218505859375e-01,9.896755218505859375e-01,9.896755218505859375e-01,9.896755218505859375e-01,9.896755218505859375e-01,9.896755218505859375e-01,9.896755218505859375e-01,9.896755218505859375e-01,9.896755218505859375e-01,9.872136116027832031e-01,6.711599230766296387e-01,9.894302487373352051e-01,9.896755218505859375e-01,9.896755218505859375e-01,9.890127778053283691e-01,9.890127778053283691e-01,9.890127778053283691e-01,9.890127778053283691e-01,9.890127778053283691e-01,9.890127778053283691e-01,9.890127778053283691e-01,9.890127778053283691e-01,9.890127778053283691e-01,9.890127778053283691e-01,9.890127778053283691e-01,9.890127778053283691e-01,9.890127778053283691e-01,9.890127778053283691e-01,9.859030246734619141e-01,9.789159297943115234e-01,9.007140994071960449e-01,9.872316718101501465e-01,9.890127778053283691e-01,9.890127778053283691e-01,9.882935881614685059e-01,9.882935881614685059e-01,9.882935881614685059e-01,9.882935881614685059e-01,9.882935881614685059e-01,9.882935881614685059e-01,9.882935881614685059e-01,9.882935881614685059e-01,9.882935881614685059e-01,9.882935881614685059e-01,9.882935881614685059e-01,9.882935881614685059e-01,9.882935881614685059e-01,9.819051623344421387e-01,9.817091822624206543e-01,9.886965751647949219e-01,8.961405754089355469e-01,9.774618148803710938e-01,9.882935881614685059e-01,9.882935881614685059e-01,9.650487899780273438e-01,9.650487899780273438e-01,9.650487899780273438e-01,9.650487899780273438e-01,9.650487899780273438e-01,9.650487899780273438e-01,9.650487899780273438e-01,9.650487899780273438e-01,9.650487899780273438e-01,9.650487899780273438e-01,9.650487899780273438e-01,9.650487899780273438e-01,9.650487899780273438e-01,9.427645802497863770e-01,8.247480392456054688e-01,9.382494091987609863e-01,9.437652230262756348e-01,8.965301513671875000e-01,9.650487899780273438e-01,9.650487899780273438e-01
