1.000000000000000000e+00,8.043596148490905762e-01,6.368425488471984863e-01,7.679291367530822754e-01,7.225317955017089844e-01,6.700722575187683105e-01,9.585626125335693359e-01,9.958770871162414551e-01,1.000000000000000000e+00,1.000000000000000000e+00,1.000000000000000000e+00,1.000000000000000000e+00,1.000000000000000000e+00,1.000000000000000000e+00,1.000000000000000000e+00,9.868879318237304688e-01,9.965086579322814941e-01,9.725353121757507324e-01,8.750717639923095703e-01,1.000000000000000000e+00,9.999849200248718262e-01,7.825964093208312988e-01,9.842300415039062500e-01,9.679789543151855469e-01,8.718205094337463379e-01,8.276005387306213379e-01,9.764760136604309082e-01,1.000000000000000000e+00,1.000000000000000000e+00,1.000000000000000000e+00,1.000000000000000000e+00,1.000000000000000000e+00,1.000000000000000000e+00,1.000000000000000000e+00,1.000000000000000000e+00,9.922986626625061035e-01,9.982233047485351562e-01,9.796807765960693359e-01,1.000000000000000000e+00,1.000000000000000000e+00,9.043806195259094238e-01,9.709818959236145020e-01,9.810096621513366699e-01,9.798274636268615723e-01,9.879615902900695801e-01,7.006752490997314453e-01,9.870902895927429199e-01,1.000000000000000000e+00,1.000000000000000000e+00,1.000000000000000000e+00,1.000000000000000000e+00,1.000000000000000000e+00,1.000000000000000000e+00,1.000000000000000000e+00,1.000000000000000000e+00,9.860736727714538574e-01,9.788911938667297363e-01,9.946853518486022949e-01,9.965870976448059082e-01,9.741347432136535645e-01,1.000000000000000000e+00,9.959167838096618652e-01,9.812379479408264160e-01,9.750480651855468750e-01,9.837449193000793457e-01,9.617150425910949707e-01,1.000000000000000000e+00,1.000000000000000000e+00,1.000000000000000000e+00,1.000000000000000000e+00,1.000000000000000000e+00,1.000000000000000000e+00,1.000000000000000000e+00,1.000000000000000000e+00,9.997947216033935547e-01,9.794833660125732422e-01,9.631031155586242676e-01,9.297308921813964844e-01,9.989364147186279297e-01,1.000000000000000000e+00,1.000000000000000000e+00,9.998181462287902832e-01,9.889859557151794434e-01,9.974940419197082520e-01,9.997889399528503418e-01,9.971844553947448730e-01,1.000000000000000000e+00,1.000000000000000000e+00,1.000000000000000000e+00,1.000000000000000000e+00,1.000000000000000000e+00,1.000000000000000000e+00,1.000000000000000000e+00,9.995334744453430176e-01,9.920304417610168457e-01,9.334240555763244629e-01,8.488100171089172363e-01,9.654242396354675293e-01,9.951264858245849609e-01,9.976561069488525391e-01,1.000000000000000000e+00,9.997752308845520020e-01,9.903116226196289062e-01,9.981966018676757812e-01,1.000000000000000000e+00,9.999564290046691895e-01,1.000000000000000000e+00,1.000000000000000000e+00,1.000000000000000000e+00,1.000000000000000000e+00,1.000000000000000000e+00,1.000000000000000000e+00,9.983327984809875488e-01,9.931073188781738281e-01,9.946317076683044434e-01,7.955412864685058594e-01,8.774415850639343262e-01,9.489006996154785156e-01,9.839248061180114746e-01,1.000000000000000000e+00,1.000000000000000000e+00,9.964695572853088379e-01,9.927138686180114746e-01,1.000000000000000000e+00,1.000000000000000000e+00,1.000000000000000000e+00,1.000000000000000000e+00,1.000000000000000000e+00,1.000000000000000000e+00,1.000000000000000000e+00,1.000000000000000000e+00,9.967172741889953613e-01,8.960084915161132812e-01,9.929826855659484863e-01,9.369117617607116699e-01,7.343625426292419434e-01,5.854660868644714355e-01,5.823776125907897949e-01,8.969787955284118652e-01,1.000000000000000000e+00
8.043596148490905762e-01,1.000000000000000000e+00,5.086163282394409180e-01,6.056839823722839355e-01,4.426231682300567627e-01,4.697669446468353271e-01,6.998377442359924316e-01,7.800517082214355469e-01,8.043596148490905762e-01,8.043596148490905762e-01,8.043596148490905762e-01,8.043596148490905762e-01,8.043596148490905762e-01,8.043596148490905762e-01,8.043596148490905762e-01,7.957177162170410156e-01,8.134646415710449219e-01,8.520507812500000000e-01,5.938301086425781250e-01,8.043596148490905762e-01,8.055210709571838379e-01,7.420160174369812012e-01,7.661945223808288574e-01,7.273442745208740234e-01,6.172812581062316895e-01,7.836503982543945312e-01,7.346785664558410645e-01,8.043596148490905762e-01,8.043596148490905762e-01,8.043596148490905762e-01,8.043596148490905762e-01,8.043596148490905762e-01,8.043596148490905762e-01,8.043596148490905762e-01,8.043596148490905762e-01,8.482050895690917969e-01,7.981398701667785645e-01,7.832750678062438965e-01,8.043596148490905762e-01,8.043596148490905762e-01,6.696893572807312012e-01,7.610945701599121094e-01,7.509277462959289551e-01,8.081817030906677246e-01,7.751968502998352051e-01,5.140246748924255371e-01,7.853392958641052246e-01,8.043596148490905762e-01,8.043596148490905762e-01,8.043596148490905762e-01,8.043596148490905762e-01,8.043596148490905762e-01,8.043596148490905762e-01,8.043596148490905762e-01,8.043596148490905762e-01,7.549421787261962891e-01,7.409923672676086426e-01,7.692807316780090332e-01,7.981879711151123047e-01,7.299907803535461426e-01,8.043596148490905762e-01,8.089408874511718750e-01,7.816550731658935547e-01,7.613494992256164551e-01,7.577137351036071777e-01,6.965319514274597168e-01,8.043596148490905762e-01,8.043596148490905762e-01,8.043596148490905762e-01,8.043596148490905762e-01,8.043596148490905762e-01,8.043596148490905762e-01,8.043596148490905762e-01,8.043596148490905762e-01,8.060577511787414551e-01,8.315892219543457031e-01,8.506806492805480957e-01,8.963622450828552246e-01,8.080328106880187988e-01,8.043596148490905762e-01,8.043596148490905762e-01,8.046811223030090332e-01,8.069958686828613281e-01,7.997748851776123047e-01,8.040084838867187500e-01,8.056389689445495605e-01,8.043596148490905762e-01,8.043596148490905762e-01,8.043596148490905762e-01,8.043596148490905762e-01,8.043596148490905762e-01,8.043596148490905762e-01,8.043596148490905762e-01,8.050877451896667480e-01,8.006122708320617676e-01,7.792745232582092285e-01,7.859851717948913574e-01,8.859891295433044434e-01,7.900143265724182129e-01,8.077363371849060059e-01,8.043596148490905762e-01,8.044807314872741699e-01,7.839733958244323730e-01,8.019277453422546387e-01,8.043596148490905762e-01,8.048595786094665527e-01,8.043596148490905762e-01,8.043596148490905762e-01,8.043596148490905762e-01,8.043596148490905762e-01,8.043596148490905762e-01,8.043596148490905762e-01,7.930529117584228516e-01,7.760393023490905762e-01,7.908156514167785645e-01,4.837006628513336182e-01,8.684850335121154785e-01,7.211878895759582520e-01,8.459194302558898926e-01,8.043596148490905762e-01,8.043596148490905762e-01,8.074820041656494141e-01,8.112428784370422363e-01,8.043596148490905762e-01,8.043596148490905762e-01,8.043596148490905762e-01,8.043596148490905762e-01,8.043596148490905762e-01,8.043596148490905762e-01,8.043596148490905762e-01,8.043596148490905762e-01,7.934367060661315918e-01,6.217712163925170898e-01,7.962412834167480469e-01,7.351074218750000000e-01,6.136018037796020508e-01,4.066747725009918213e-01,2.894363999366760254e-01,6.187241077423095703e-01,8.043596148490905762e-01
6.368425488471984863e-01,5.086163282394409180e-01,1.000000000000000000e+00,7.022348046302795410e-01,5.330027937889099121e-01,6.145254969596862793e-01,6.363519430160522461e-01,6.272960901260375977e-01,6.368425488471984863e-01,6.368425488471984863e-01,6.368425488471984863e-01,6.368425488471984863e-01,6.368425488471984863e-01,6.368425488471984863e-01,6.368425488471984863e-01,6.212789416313171387e-01,6.327069401741027832e-01,6.572125554084777832e-01,6.035718917846679688e-01,6.368425488471984863e-01,6.365609765052795410e-01,5.866013169288635254e-01,6.289303302764892578e-01,6.756310462951660156e-01,5.998830199241638184e-01,5.733013749122619629e-01,6.194925904273986816e-01,6.368425488471984863e-01,6.368425488471984863e-01,6.368425488471984863e-01,6.368425488471984863e-01,6.368425488471984863e-01,6.368425488471984863e-01,6.368425488471984863e-01,6.368425488471984863e-01,6.176882386207580566e-01,6.313568949699401855e-01,6.437168121337890625e-01,6.368425488471984863e-01,6.368425488471984863e-01,6.205269694328308105e-01,6.585650444030761719e-01,6.384877562522888184e-01,6.260722875595092773e-01,6.406525969505310059e-01,4.114221632480621338e-01,6.137692928314208984e-01,6.368425488471984863e-01,6.368425488471984863e-01,6.368425488471984863e-01,6.368425488471984863e-01,6.368425488471984863e-01,6.368425488471984863e-01,6.368425488471984863e-01,6.368425488471984863e-01,6.110165119171142578e-01,6.452051997184753418e-01,6.331811547279357910e-01,6.331729292869567871e-01,6.421853899955749512e-01,6.368425488471984863e-01,6.455993056297302246e-01,6.628618836402893066e-01,6.543028950691223145e-01,6.519978642463684082e-01,6.514529585838317871e-01,6.368425488471984863e-01,6.368425488471984863e-01,6.368425488471984863e-01,6.368425488471984863e-01,6.368425488471984863e-01,6.368425488471984863e-01,6.368425488471984863e-01,6.368425488471984863e-01,6.331902146339416504e-01,6.440456509590148926e-01,5.797310471534729004e-01,6.248364448547363281e-01,6.410365700721740723e-01,6.368425488471984863e-01,6.368425488471984863e-01,6.364605426788330078e-01,6.437378525733947754e-01,6.431860923767089844e-01,6.377698183059692383e-01,6.315230131149291992e-01,6.368425488471984863e-01,6.368425488471984863e-01,6.368425488471984863e-01,6.368425488471984863e-01,6.368425488471984863e-01,6.368425488471984863e-01,6.368425488471984863e-01,6.355522274971008301e-01,6.314117312431335449e-01,6.956729292869567871e-01,6.110734343528747559e-01,5.963200926780700684e-01,6.452047824859619141e-01,6.370630264282226562e-01,6.368425488471984863e-01,6.362759470939636230e-01,6.230847239494323730e-01,6.355077028274536133e-01,6.368425488471984863e-01,6.361396908760070801e-01,6.368425488471984863e-01,6.368425488471984863e-01,6.368425488471984863e-01,6.368425488471984863e-01,6.368425488471984863e-01,6.368425488471984863e-01,6.388447880744934082e-01,6.390025615692138672e-01,6.316251754760742188e-01,6.173067688941955566e-01,5.863072276115417480e-01,5.815427899360656738e-01,6.312181949615478516e-01,6.368425488471984863e-01,6.368425488471984863e-01,6.274436116218566895e-01,6.310779452323913574e-01,6.368425488471984863e-01,6.368425488471984863e-01,6.368425488471984863e-01,6.368425488471984863e-01,6.368425488471984863e-01,6.368425488471984863e-01,6.368425488471984863e-01,6.368425488471984863e-01,6.324368119239807129e-01,6.980029940605163574e-01,6.241364479064941406e-01,5.983827114105224609e-01,5.795325040817260742e-01,5.394941568374633789e-01,5.854728221893310547e-01,6.504254341125488281e-01,6.368425488471984863e-01
7.679291367530822754e-01,6.056839823722839355e-01,7.022348046302795410e-01,1.000000000000000000e+00,5.864217877388000488e-01,6.495768427848815918e-01,8.022725582122802734e-01,7.770113348960876465e-01,7.679291367530822754e-01,7.679291367530822754e-01,7.679291367530822754e-01,7.679291367530822754e-01,7.679291367530822754e-01,7.679291367530822754e-01,7.679291367530822754e-01,7.305991649627685547e-01,7.504513859748840332e-01,7.696034908294677734e-01,6.533618569374084473e-01,7.679291367530822754e-01,7.677235603332519531e-01,5.964563488960266113e-01,7.596870064735412598e-01,7.700024247169494629e-01,6.694369316101074219e-01,7.410893440246582031e-01,7.581959366798400879e-01,7.679291367530822754e-01,7.679291367530822754e-01,7.679291367530822754e-01,7.679291367530822754e-01,7.679291367530822754e-01,7.679291367530822754e-01,7.679291367530822754e-01,7.679291367530822754e-01,7.480459213256835938e-01,7.715308070182800293e-01,7.504829764366149902e-01,7.679291367530822754e-01,7.679291367530822754e-01,7.116510272026062012e-01,8.067700266838073730e-01,7.890174984931945801e-01,7.753841876983642578e-01,7.786584496498107910e-01,5.080215334892272949e-01,7.199206352233886719e-01,7.679291367530822754e-01,7.679291367530822754e-01,7.679291367530822754e-01,7.679291367530822754e-01,7.679291367530822754e-01,7.679291367530822754e-01,7.679291367530822754e-01,7.679291367530822754e-01,7.129536271095275879e-01,7.703509330749511719e-01,7.684453129768371582e-01,7.680523395538330078e-01,7.775232195854187012e-01,7.679291367530822754e-01,7.806922793388366699e-01,8.150641322135925293e-01,8.002840876579284668e-01,7.858574986457824707e-01,7.490850090980529785e-01,7.679291367530822754e-01,7.679291367530822754e-01,7.679291367530822754e-01,7.679291367530822754e-01,7.679291367530822754e-01,7.679291367530822754e-01,7.679291367530822754e-01,7.679291367530822754e-01,7.647245526313781738e-01,7.774026989936828613e-01,7.541554570198059082e-01,7.300359606742858887e-01,7.705812454223632812e-01,7.679291367530822754e-01,7.679291367530822754e-01,7.672595381736755371e-01,7.891767024993896484e-01,7.843045592308044434e-01,7.717722058296203613e-01,7.541730999946594238e-01,7.679291367530822754e-01,7.679291367530822754e-01,7.679291367530822754e-01,7.679291367530822754e-01,7.679291367530822754e-01,7.679291367530822754e-01,7.679291367530822754e-01,7.666541934013366699e-01,7.618368268013000488e-01,7.748128771781921387e-01,7.362253069877624512e-01,7.331500053405761719e-01,7.601859569549560547e-01,7.712624669075012207e-01,7.679291367530822754e-01,7.680322527885437012e-01,7.656927704811096191e-01,7.707870602607727051e-01,7.679291367530822754e-01,7.661129832267761230e-01,7.679291367530822754e-01,7.679291367530822754e-01,7.679291367530822754e-01,7.679291367530822754e-01,7.679291367530822754e-01,7.679291367530822754e-01,7.806746363639831543e-01,7.656411528587341309e-01,7.919718623161315918e-01,7.294220924377441406e-01,6.589370369911193848e-01,7.243103981018066406e-01,7.648463249206542969e-01,7.679291367530822754e-01,7.679291367530822754e-01,7.553608417510986328e-01,7.751486301422119141e-01,7.679291367530822754e-01,7.679291367530822754e-01,7.679291367530822754e-01,7.679291367530822754e-01,7.679291367530822754e-01,7.679291367530822754e-01,7.679291367530822754e-01,7.679291367530822754e-01,7.728958725929260254e-01,7.897644639015197754e-01,7.660171389579772949e-01,7.265064120292663574e-01,5.503497719764709473e-01,5.031236410140991211e-01,5.849741697311401367e-01,7.221981883049011230e-01,7.679291367530822754e-01
7.225317955017089844e-01,4.426231682300567627e-01,5.330027937889099121e-01,5.864217877388000488e-01,1.000000000000000000e+00,7.213370203971862793e-01,7.651486396789550781e-01,7.291224002838134766e-01,7.225317955017089844e-01,7.225317955017089844e-01,7.225317955017089844e-01,7.225317955017089844e-01,7.225317955017089844e-01,7.225317955017089844e-01,7.225317955017089844e-01,7.250202298164367676e-01,7.141825556755065918e-01,6.609311699867248535e-01,7.918960452079772949e-01,7.225317955017089844e-01,7.217884063720703125e-01,5.026971697807312012e-01,7.484470009803771973e-01,7.829676270484924316e-01,7.990877628326416016e-01,6.779325604438781738e-01,7.815163731575012207e-01,7.225317955017089844e-01,7.225317955017089844e-01,7.225317955017089844e-01,7.225317955017089844e-01,7.225317955017089844e-01,7.225317955017089844e-01,7.225317955017089844e-01,7.225317955017089844e-01,6.656515002250671387e-01,7.303832173347473145e-01,7.210581302642822266e-01,7.225317955017089844e-01,7.225317955017089844e-01,7.842453122138977051e-01,7.083380818367004395e-01,7.258274555206298828e-01,6.755682826042175293e-01,7.268833518028259277e-01,7.611301541328430176e-01,7.274298071861267090e-01,7.225317955017089844e-01,7.225317955017089844e-01,7.225317955017089844e-01,7.225317955017089844e-01,7.225317955017089844e-01,7.225317955017089844e-01,7.225317955017089844e-01,7.225317955017089844e-01,7.454907298088073730e-01,7.364947795867919922e-01,7.341440320014953613e-01,7.312989830970764160e-01,7.533538937568664551e-01,7.225317955017089844e-01,7.047865390777587891e-01,7.127510905265808105e-01,7.255739569664001465e-01,7.259619235992431641e-01,7.905893325805664062e-01,7.225317955017089844e-01,7.225317955017089844e-01,7.225317955017089844e-01,7.225317955017089844e-01,7.225317955017089844e-01,7.225317955017089844e-01,7.225317955017089844e-01,7.225317955017089844e-01,7.216489315032958984e-01,7.078878283500671387e-01,6.556612849235534668e-01,5.917918086051940918e-01,7.188036441802978516e-01,7.225317955017089844e-01,7.225317955017089844e-01,7.216816544532775879e-01,7.013354301452636719e-01,7.153288722038269043e-01,7.205421328544616699e-01,7.325894236564636230e-01,7.225317955017089844e-01,7.225317955017089844e-01,7.225317955017089844e-01,7.225317955017089844e-01,7.225317955017089844e-01,7.225317955017089844e-01,7.225317955017089844e-01,7.210696339607238770e-01,7.467406392097473145e-01,6.272143721580505371e-01,5.396102666854858398e-01,6.273408532142639160e-01,7.457249760627746582e-01,7.101173400878906250e-01,7.225317955017089844e-01,7.233212590217590332e-01,7.239261269569396973e-01,7.251909375190734863e-01,7.225317955017089844e-01,7.232728004455566406e-01,7.225317955017089844e-01,7.225317955017089844e-01,7.225317955017089844e-01,7.225317955017089844e-01,7.225317955017089844e-01,7.225317955017089844e-01,7.252969145774841309e-01,7.574289441108703613e-01,7.196810841560363770e-01,7.617149353027343750e-01,5.439792871475219727e-01,8.016216158866882324e-01,6.805110573768615723e-01,7.225317955017089844e-01,7.225317955017089844e-01,7.266182899475097656e-01,7.041080594062805176e-01,7.225317955017089844e-01,7.225317955017089844e-01,7.225317955017089844e-01,7.225317955017089844e-01,7.225317955017089844e-01,7.225317955017089844e-01,7.225317955017089844e-01,7.225317955017089844e-01,7.399584650993347168e-01,7.525376677513122559e-01,7.218480110168457031e-01,7.161250710487365723e-01,6.527390480041503906e-01,4.789772331714630127e-01,8.009832501411437988e-01,8.658912777900695801e-01,7.225317955017089844e-01
6.700722575187683105e-01,4.697669446468353271e-01,6.145254969596862793e-01,6.495768427848815918e-01,7.213370203971862793e-01,1.000000000000000000e+00,6.653308868408203125e-01,6.552634239196777344e-01,6.700722575187683105e-01,6.700722575187683105e-01,6.700722575187683105e-01,6.700722575187683105e-01,6.700722575187683105e-01,6.700722575187683105e-01,6.700722575187683105e-01,6.238040328025817871e-01,6.480924487113952637e-01,6.736836433410644531e-01,6.283493638038635254e-01,6.700722575187683105e-01,6.681761145591735840e-01,4.920524358749389648e-01,6.562690138816833496e-01,6.950683593750000000e-01,5.917102694511413574e-01,7.144124507904052734e-01,6.748052239418029785e-01,6.700722575187683105e-01,6.700722575187683105e-01,6.700722575187683105e-01,6.700722575187683105e-01,6.700722575187683105e-01,6.700722575187683105e-01,6.700722575187683105e-01,6.700722575187683105e-01,6.249150633811950684e-01,6.583386659622192383e-01,6.633513569831848145e-01,6.700722575187683105e-01,6.700722575187683105e-01,7.958433032035827637e-01,6.737039685249328613e-01,6.606218218803405762e-01,6.405569911003112793e-01,6.817819476127624512e-01,5.176360607147216797e-01,6.215851306915283203e-01,6.700722575187683105e-01,6.700722575187683105e-01,6.700722575187683105e-01,6.700722575187683105e-01,6.700722575187683105e-01,6.700722575187683105e-01,6.700722575187683105e-01,6.700722575187683105e-01,6.729875206947326660e-01,6.279819011688232422e-01,6.603758335113525391e-01,6.559959053993225098e-01,7.026674151420593262e-01,6.700722575187683105e-01,6.485880613327026367e-01,6.899638175964355469e-01,6.945860981941223145e-01,6.822037696838378906e-01,7.291560173034667969e-01,6.700722575187683105e-01,6.700722575187683105e-01,6.700722575187683105e-01,6.700722575187683105e-01,6.700722575187683105e-01,6.700722575187683105e-01,6.700722575187683105e-01,6.700722575187683105e-01,6.632878780364990234e-01,6.897168159484863281e-01,6.138908267021179199e-01,6.276223659515380859e-01,6.614286899566650391e-01,6.700722575187683105e-01,6.700722575187683105e-01,6.630004048347473145e-01,6.758735179901123047e-01,6.759228706359863281e-01,6.684631705284118652e-01,6.566528677940368652e-01,6.700722575187683105e-01,6.700722575187683105e-01,6.700722575187683105e-01,6.700722575187683105e-01,6.700722575187683105e-01,6.700722575187683105e-01,6.700722575187683105e-01,6.642782092094421387e-01,6.504252552986145020e-01,6.912569403648376465e-01,6.046983003616333008e-01,6.354207396507263184e-01,6.946937441825866699e-01,6.349812746047973633e-01,6.700722575187683105e-01,6.680767536163330078e-01,6.575557589530944824e-01,6.654495596885681152e-01,6.700722575187683105e-01,6.675242781639099121e-01,6.700722575187683105e-01,6.700722575187683105e-01,6.700722575187683105e-01,6.700722575187683105e-01,6.700722575187683105e-01,6.700722575187683105e-01,6.772355437278747559e-01,7.036421895027160645e-01,6.634090542793273926e-01,7.423782348632812500e-01,5.846679210662841797e-01,6.305189728736877441e-01,6.130234599113464355e-01,6.700722575187683105e-01,6.700722575187683105e-01,6.498487591743469238e-01,6.588198542594909668e-01,6.700722575187683105e-01,6.700722575187683105e-01,6.700722575187683105e-01,6.700722575187683105e-01,6.700722575187683105e-01,6.700722575187683105e-01,6.700722575187683105e-01,6.700722575187683105e-01,6.729784607887268066e-01,6.849391460418701172e-01,6.501119732856750488e-01,6.043477058410644531e-01,6.099832653999328613e-01,4.256022870540618896e-01,6.253364086151123047e-01,7.557598948478698730e-01,6.700722575187683105e-01
9.585626125335693359e-01,6.998377442359924316e-01,6.363519430160522461e-01,8.022725582122802734e-01,7.651486396789550781e-01,6.653308868408203125e-01,1.000000000000000000e+00,9.733285307884216309e-01,9.585626125335693359e-01,9.585626125335693359e-01,9.585626125335693359e-01,9.585626125335693359e-01,9.585626125335693359e-01,9.585626125335693359e-01,9.585626125335693359e-01,9.338467121124267578e-01,9.481069445610046387e-01,9.084284901618957520e-01,8.541552424430847168e-01,9.585626125335693359e-01,9.581349492073059082e-01,7.061588764190673828e-01,9.720377326011657715e-01,9.516822695732116699e-01,8.776081204414367676e-01,8.206017017364501953e-01,9.820622801780700684e-01,9.585626125335693359e-01,9.585626125335693359e-01,9.585626125335693359e-01,9.585626125335693359e-01,9.585626125335693359e-01,9.585626125335693359e-01,9.585626125335693359e-01,9.585626125335693359e-01,9.387283325195312500e-01,9.622852802276611328e-01,9.231727123260498047e-01,9.585626125335693359e-01,9.585626125335693359e-01,9.003067016601562500e-01,9.752768874168395996e-01,9.861226677894592285e-01,9.659676551818847656e-01,9.777112603187561035e-01,6.472316384315490723e-01,9.343895912170410156e-01,9.585626125335693359e-01,9.585626125335693359e-01,9.585626125335693359e-01,9.585626125335693359e-01,9.585626125335693359e-01,9.585626125335693359e-01,9.585626125335693359e-01,9.585626125335693359e-01,9.488355517387390137e-01,9.628208279609680176e-01,9.659900665283203125e-01,9.702255725860595703e-01,9.829230308532714844e-01,9.585626125335693359e-01,9.590016007423400879e-01,9.774711132049560547e-01,9.794125556945800781e-01,9.781292080879211426e-01,9.561815261840820312e-01,9.585626125335693359e-01,9.585626125335693359e-01,9.585626125335693359e-01,9.585626125335693359e-01,9.585626125335693359e-01,9.585626125335693359e-01,9.585626125335693359e-01,9.585626125335693359e-01,9.561254978179931641e-01,9.480369687080383301e-01,9.279913902282714844e-01,8.545753955841064453e-01,9.549758434295654297e-01,9.585626125335693359e-01,9.585626125335693359e-01,9.600279927253723145e-01,9.708305001258850098e-01,9.668986797332763672e-01,9.617679715156555176e-01,9.559456706047058105e-01,9.585626125335693359e-01,9.585626125335693359e-01,9.585626125335693359e-01,9.585626125335693359e-01,9.585626125335693359e-01,9.585626125335693359e-01,9.585626125335693359e-01,9.551909565925598145e-01,9.655339717864990234e-01,8.861315846443176270e-01,8.215122818946838379e-01,8.967117667198181152e-01,9.563546776771545410e-01,9.580581784248352051e-01,9.585626125335693359e-01,9.613728523254394531e-01,9.779019951820373535e-01,9.672828316688537598e-01,9.585626125335693359e-01,9.581444859504699707e-01,9.585626125335693359e-01,9.585626125335693359e-01,9.585626125335693359e-01,9.585626125335693359e-01,9.585626125335693359e-01,9.585626125335693359e-01,9.580456614494323730e-01,9.572563171386718750e-01,9.569010734558105469e-01,8.282114863395690918e-01,7.951712608337402344e-01,9.462161660194396973e-01,9.348151087760925293e-01,9.585626125335693359e-01,9.585626125335693359e-01,9.612959027290344238e-01,9.686706066131591797e-01,9.585626125335693359e-01,9.585626125335693359e-01,9.585626125335693359e-01,9.585626125335693359e-01,9.585626125335693359e-01,9.585626125335693359e-01,9.585626125335693359e-01,9.585626125335693359e-01,9.644076228141784668e-01,9.062202572822570801e-01,9.693930745124816895e-01,9.558472037315368652e-01,6.683796048164367676e-01,5.368071198463439941e-01,6.971044540405273438e-01,9.251108169555664062e-01,9.585626125335693359e-01
9.958770871162414551e-01,7.800517082214355469e-01,6.272960901260375977e-01,7.770113348960876465e-01,7.291224002838134766e-01,6.552634239196777344e-01,9.733285307884216309e-01,1.000000000000000000e+00,9.958770871162414551e-01,9.958770871162414551e-01,9.958770871162414551e-01,9.958770871162414551e-01,9.958770871162414551e-01,9.958770871162414551e-01,9.958770871162414551e-01,9.804199337959289551e-01,9.908657670021057129e-01,9.572960734367370605e-01,8.782451152801513672e-01,9.958770871162414551e-01,9.957723021507263184e-01,7.614126205444335938e-01,9.868490099906921387e-01,9.669292569160461426e-01,8.805983662605285645e-01,8.187846541404724121e-01,9.841443896293640137e-01,9.958770871162414551e-01,9.958770871162414551e-01,9.958770871162414551e-01,9.958770871162414551e-01,9.958770871162414551e-01,9.958770871162414551e-01,9.958770871162414551e-01,9.958770871162414551e-01,9.856656193733215332e-01,9.961328506469726562e-01,9.710588455200195312e-01,9.958770871162414551e-01,9.958770871162414551e-01,9.032217860221862793e-01,9.745019078254699707e-01,9.877939224243164062e-01,9.798709750175476074e-01,9.905104637145996094e-01,6.868515610694885254e-01,9.817505478858947754e-01,9.958770871162414551e-01,9.958770871162414551e-01,9.958770871162414551e-01,9.958770871162414551e-01,9.958770871162414551e-01,9.958770871162414551e-01,9.958770871162414551e-01,9.958770871162414551e-01,9.852290153503417969e-01,9.848134517669677734e-01,9.949240684509277344e-01,9.960977435111999512e-01,9.813227653503417969e-01,9.958770871162414551e-01,9.921850562095642090e-01,9.839184284210205078e-01,9.801380634307861328e-01,9.884310364723205566e-01,9.649453759193420410e-01,9.958770871162414551e-01,9.958770871162414551e-01,9.958770871162414551e-01,9.958770871162414551e-01,9.958770871162414551e-01,9.958770871162414551e-01,9.958770871162414551e-01,9.958770871162414551e-01,9.955019950866699219e-01,9.735988974571228027e-01,9.604082703590393066e-01,9.103446006774902344e-01,9.949240684509277344e-01,9.958770871162414551e-01,9.958770871162414551e-01,9.962847232818603516e-01,9.894216656684875488e-01,9.961293339729309082e-01,9.967486858367919922e-01,9.932160973548889160e-01,9.958770871162414551e-01,9.958770871162414551e-01,9.958770871162414551e-01,9.958770871162414551e-01,9.958770871162414551e-01,9.958770871162414551e-01,9.958770871162414551e-01,9.949848651885986328e-01,9.923871159553527832e-01,9.231705069541931152e-01,8.392388820648193359e-01,9.505044817924499512e-01,9.907370209693908691e-01,9.949514269828796387e-01,9.958770871162414551e-01,9.963796138763427734e-01,9.937483668327331543e-01,9.971356391906738281e-01,9.958770871162414551e-01,9.958086013793945312e-01,9.958770871162414551e-01,9.958770871162414551e-01,9.958770871162414551e-01,9.958770871162414551e-01,9.958770871162414551e-01,9.958770871162414551e-01,9.948074221611022949e-01,9.912411570549011230e-01,9.928581118583679199e-01,8.042390942573547363e-01,8.574292659759521484e-01,9.557997584342956543e-01,9.775908589363098145e-01,9.958770871162414551e-01,9.958770871162414551e-01,9.935136437416076660e-01,9.932667613029479980e-01,9.958770871162414551e-01,9.958770871162414551e-01,9.958770871162414551e-01,9.958770871162414551e-01,9.958770871162414551e-01,9.958770871162414551e-01,9.958770871162414551e-01,9.958770871162414551e-01,9.959335327148437500e-01,9.010775685310363770e-01,9.944384694099426270e-01,9.482997059822082520e-01,7.066621780395507812e-01,5.695250034332275391e-01,6.075677275657653809e-01,9.030024409294128418e-01,9.958770871162414551e-01
1.000000000000000000e+00,8.043596148490905762e-01,6.368425488471984863e-01,7.679291367530822754e-01,7.225317955017089844e-01,6.700722575187683105e-01,9.585626125335693359e-01,9.958770871162414551e-01,1.000000000000000000e+00,1.000000000000000000e+00,1.000000000000000000e+00,1.000000000000000000e+00,1.000000000000000000e+00,1.000000000000000000e+00,1.000000000000000000e+00,9.868879318237304688e-01,9.965086579322814941e-01,9.725353121757507324e-01,8.750717639923095703e-01,1.000000000000000000e+00,9.999849200248718262e-01,7.825964093208312988e-01,9.842300415039062500e-01,9.679789543151855469e-01,8.718205094337463379e-01,8.276005387306213379e-01,9.764760136604309082e-01,1.000000000000000000e+00,1.000000000000000000e+00,1.000000000000000000e+00,1.000000000000000000e+00,1.000000000000000000e+00,1.000000000000000000e+00,1.000000000000000000e+00,1.000000000000000000e+00,9.922986626625061035e-01,9.982233047485351562e-01,9.796807765960693359e-01,1.000000000000000000e+00,1.000000000000000000e+00,9.043806195259094238e-01,9.709818959236145020e-01,9.810096621513366699e-01,9.798274636268615723e-01,9.879615902900695801e-01,7.006752490997314453e-01,9.870902895927429199e-01,1.000000000000000000e+00,1.000000000000000000e+00,1.000000000000000000e+00,1.000000000000000000e+00,1.000000000000000000e+00,1.000000000000000000e+00,1.000000000000000000e+00,1.000000000000000000e+00,9.860736727714538574e-01,9.788911938667297363e-01,9.946853518486022949e-01,9.965870976448059082e-01,9.741347432136535645e-01,1.000000000000000000e+00,9.959167838096618652e-01,9.812379479408264160e-01,9.750480651855468750e-01,9.837449193000793457e-01,9.617150425910949707e-01,1.000000000000000000e+00,1.000000000000000000e+00,1.000000000000000000e+00,1.000000000000000000e+00,1.000000000000000000e+00,1.000000000000000000e+00,1.000000000000000000e+00,1.000000000000000000e+00,9.997947216033935547e-01,9.794833660125732422e-01,9.631031155586242676e-01,9.297308921813964844e-01,9.989364147186279297e-01,1.000000000000000000e+00,1.000000000000000000e+00,9.998181462287902832e-01,9.889859557151794434e-01,9.974940419197082520e-01,9.997889399528503418e-01,9.971844553947448730e-01,1.000000000000000000e+00,1.000000000000000000e+00,1.000000000000000000e+00,1.000000000000000000e+00,1.000000000000000000e+00,1.000000000000000000e+00,1.000000000000000000e+00,9.995334744453430176e-01,9.920304417610168457e-01,9.334240555763244629e-01,8.488100171089172363e-01,9.654242396354675293e-01,9.951264858245849609e-01,9.976561069488525391e-01,1.000000000000000000e+00,9.997752308845520020e-01,9.903116226196289062e-01,9.981966018676757812e-01,1.000000000000000000e+00,9.999564290046691895e-01,1.000000000000000000e+00,1.000000000000000000e+00,1.000000000000000000e+00,1.000000000000000000e+00,1.000000000000000000e+00,1.000000000000000000e+00,9.983327984809875488e-01,9.931073188781738281e-01,9.946317076683044434e-01,7.955412864685058594e-01,8.774415850639343262e-01,9.489006996154785156e-01,9.839248061180114746e-01,1.000000000000000000e+00,1.000000000000000000e+00,9.964695572853088379e-01,9.927138686180114746e-01,1.000000000000000000e+00,1.000000000000000000e+00,1.000000000000000000e+00,1.000000000000000000e+00,1.000000000000000000e+00,1.000000000000000000e+00,1.000000000000000000e+00,1.000000000000000000e+00,9.967172741889953613e-01,8.960084915161132812e-01,9.929826855659484863e-01,9.369117617607116699e-01,7.343625426292419434e-01,5.854660868644714355e-01,5.823776125907897949e-01,8.969787955284118652e-01,1.000000000000000000e+00
1.000000000000000000e+00,8.043596148490905762e-01,6.368425488471984863e-01,7.679291367530822754e-01,7.225317955017089844e-01,6.700722575187683105e-01,9.585626125335693359e-01,9.958770871162414551e-01,1.000000000000000000e+00,1.000000000000000000e+00,1.000000000000000000e+00,1.000000000000000000e+00,1.000000000000000000e+00,1.000000000000000000e+00,1.000000000000000000e+00,9.868879318237304688e-01,9.965086579322814941e-01,9.725353121757507324e-01,8.750717639923095703e-01,1.000000000000000000e+00,9.999849200248718262e-01,7.825964093208312988e-01,9.842300415039062500e-01,9.679789543151855469e-01,8.718205094337463379e-01,8.276005387306213379e-01,9.764760136604309082e-01,1.000000000000000000e+00,1.000000000000000000e+00,1.000000000000000000e+00,1.000000000000000000e+00,1.000000000000000000e+00,1.000000000000000000e+00,1.000000000000000000e+00,1.000000000000000000e+00,9.922986626625061035e-01,9.982233047485351562e-01,9.796807765960693359e-01,1.000000000000000000e+00,1.000000000000000000e+00,9.043806195259094238e-01,9.709818959236145020e-01,9.810096621513366699e-01,9.798274636268615723e-01,9.879615902900695801e-01,7.006752490997314453e-01,9.870902895927429199e-01,1.000000000000000000e+00,1.000000000000000000e+00,1.000000000000000000e+00,1.000000000000000000e+00,1.000000000000000000e+00,1.000000000000000000e+00,1.000000000000000000e+00,1.000000000000000000e+00,9.860736727714538574e-01,9.788911938667297363e-01,9.946853518486022949e-01,9.965870976448059082e-01,9.741347432136535645e-01,1.000000000000000000e+00,9.959167838096618652e-01,9.812379479408264160e-01,9.750480651855468750e-01,9.837449193000793457e-01,9.617150425910949707e-01,1.000000000000000000e+00,1.000000000000000000e+00,1.000000000000000000e+00,1.000000000000000000e+00,1.000000000000000000e+00,1.000000000000000000e+00,1.000000000000000000e+00,1.000000000000000000e+00,9.997947216033935547e-01,9.794833660125732422e-01,9.631031155586242676e-01,9.297308921813964844e-01,9.989364147186279297e-01,1.000000000000000000e+00,1.000000000000000000e+00,9.998181462287902832e-01,9.889859557151794434e-01,9.974940419197082520e-01,9.997889399528503418e-01,9.971844553947448730e-01,1.000000000000000000e+00,1.000000000000000000e+00,1.000000000000000000e+00,1.000000000000000000e+00,1.000000000000000000e+00,1.000000000000000000e+00,1.000000000000000000e+00,9.995334744453430176e-01,9.920304417610168457e-01,9.334240555763244629e-01,8.488100171089172363e-01,9.654242396354675293e-01,9.951264858245849609e-01,9.976561069488525391e-01,1.000000000000000000e+00,9.997752308845520020e-01,9.903116226196289062e-01,9.981966018676757812e-01,1.000000000000000000e+00,9.999564290046691895e-01,1.000000000000000000e+00,1.000000000000000000e+00,1.000000000000000000e+00,1.000000000000000000e+00,1.000000000000000000e+00,1.000000000000000000e+00,9.983327984809875488e-01,9.931073188781738281e-01,9.946317076683044434e-01,7.955412864685058594e-01,8.774415850639343262e-01,9.489006996154785156e-01,9.839248061180114746e-01,1.000000000000000000e+00,1.000000000000000000e+00,9.964695572853088379e-01,9.927138686180114746e-01,1.000000000000000000e+00,1.000000000000000000e+00,1.000000000000000000e+00,1.000000000000000000e+00,1.000000000000000000e+00,1.000000000000000000e+00,1.000000000000000000e+00,1.000000000000000000e+00,9.967172741889953613e-01,8.960084915161132812e-01,9.929826855659484863e-01,9.369117617607116699e-01,7.343625426292419434e-01,5.854660868644714355e-01,5.823776125907897949e-01,8.969787955284118652e-01,1.000000000000000000e+00
1.000000000000000000e+00,8.043596148490905762e-01,6.368425488471984863e-01,7.679291367530822754e-01,7.225317955017089844e-01,6.700722575187683105e-01,9.585626125335693359e-01,9.958770871162414551e-01,1.000000000000000000e+00,1.000000000000000000e+00,1.000000000000000000e+00,1.000000000000000000e+00,1.000000000000000000e+00,1.000000000000000000e+00,1.000000000000000000e+00,9.868879318237304688e-01,9.965086579322814941e-01,9.725353121757507324e-01,8.750717639923095703e-01,1.000000000000000000e+00,9.999849200248718262e-01,7.825964093208312988e-01,9.842300415039062500e-01,9.679789543151855469e-01,8.718205094337463379e-01,8.276005387306213379e-01,9.764760136604309082e-01,1.000000000000000000e+00,1.000000000000000000e+00,1.000000000000000000e+00,1.000000000000000000e+00,1.000000000000000000e+00,1.000000000000000000e+00,1.000000000000000000e+00,1.000000000000000000e+00,9.922986626625061035e-01,9.982233047485351562e-01,9.796807765960693359e-01,1.000000000000000000e+00,1.000000000000000000e+00,9.043806195259094238e-01,9.709818959236145020e-01,9.810096621513366699e-01,9.798274636268615723e-01,9.879615902900695801e-01,7.006752490997314453e-01,9.870902895927429199e-01,1.000000000000000000e+00,1.000000000000000000e+00,1.000000000000000000e+00,1.000000000000000000e+00,1.000000000000000000e+00,1.000000000000000000e+00,1.000000000000000000e+00,1.000000000000000000e+00,9.860736727714538574e-01,9.788911938667297363e-01,9.946853518486022949e-01,9.965870976448059082e-01,9.741347432136535645e-01,1.000000000000000000e+00,9.959167838096618652e-01,9.812379479408264160e-01,9.750480651855468750e-01,9.837449193000793457e-01,9.617150425910949707e-01,1.000000000000000000e+00,1.000000000000000000e+00,1.000000000000000000e+00,1.000000000000000000e+00,1.000000000000000000e+00,1.000000000000000000e+00,1.000000000000000000e+00,1.000000000000000000e+00,9.997947216033935547e-01,9.794833660125732422e-01,9.631031155586242676e-01,9.297308921813964844e-01,9.989364147186279297e-01,1.000000000000000000e+00,1.000000000000000000e+00,9.998181462287902832e-01,9.889859557151794434e-01,9.974940419197082520e-01,9.997889399528503418e-01,9.971844553947448730e-01,1.000000000000000000e+00,1.000000000000000000e+00,1.000000000000000000e+00,1.000000000000000000e+00,1.000000000000000000e+00,1.000000000000000000e+00,1.000000000000000000e+00,9.995334744453430176e-01,9.920304417610168457e-01,9.334240555763244629e-01,8.488100171089172363e-01,9.654242396354675293e-01,9.951264858245849609e-01,9.976561069488525391e-01,1.000000000000000000e+00,9.997752308845520020e-01,9.903116226196289062e-01,9.981966018676757812e-01,1.000000000000000000e+00,9.999564290046691895e-01,1.000000000000000000e+00,1.000000000000000000e+00,1.000000000000000000e+00,1.000000000000000000e+00,1.000000000000000000e+00,1.000000000000000000e+00,9.983327984809875488e-01,9.931073188781738281e-01,9.946317076683044434e-01,7.955412864685058594e-01,8.774415850639343262e-01,9.489006996154785156e-01,9.839248061180114746e-01,1.000000000000000000e+00,1.000000000000000000e+00,9.964695572853088379e-01,9.927138686180114746e-01,1.000000000000000000e+00,1.000000000000000000e+00,1.000000000000000000e+00,1.000000000000000000e+00,1.000000000000000000e+00,1.000000000000000000e+00,1.000000000000000000e+00,1.000000000000000000e+00,9.967172741889953613e-01,8.960084915161132812e-01,9.929826855659484863e-01,9.369117617607116699e-01,7.343625426292419434e-01,5.854660868644714355e-01,5.823776125907897949e-01,8.969787955284118652e-01,1.000000000000000000e+00
